1576900
1123500
1049800
1286800
1848600
845300
1053000
2454000
840900
830200
837300
721200
697300
2390600
1360200
1033000
806900
1630400
650800
847200
2268400
3854300
630700
1015800
1582600
668300
1407000
648500
1058800
856100
1358700
823500
3001800
652900
1269800
1000600
639200
1388900
1003600
1838100
1006400
860600
1350600
653500
631200
1067000
851300
1162000
2790300
1086500
634900
793400
1723300
1510700
783000
1152600
864700
651300
645700
811400
662700
865600
1404800
748800
1298200
2493100
1130100
1271300
726300
1182300
3004900
1263400
681400
896100
1128100
647500
1150800
1412800
1442100
654400
1022900
651600
682200
654400
652100
1802500
1229500
835200
1417000
994700
665200
1715200
764300
452500
415000
1156300
1102400
2307400
3179500
1068700
3821900
1317300
1296400
2878900
883500
1459600
2185600
1336400
932600
1690100
921200
1111700
872100
878500
980100
605100
1539900
1149100
882100
2718500
1939400
664000
1149600
1064400
1050300
800500
1489000
817500
745400
668200
1215500
717300
849400
620900
832600
931700
743300
1369500
649200
542300
433000
441600
1228100
443800
574700
983600
701800
1065200
430500
1332600
1202300
3025200
2045500
1252700
1357500
1323100
620400
780500
659400
2139200
564700
446400
2371500
430600
646900
1448700
2023100
666600
1291400
740700
1437200
1588600
2043600
2489600
2135900
1860100
637100
1456300
613200
1752200
1288200
645800
1450700
698600
424500
1263500
739900
684000
1101500
787400
1258800
680800
1363300
1061200
429100
618500
1373200
1524600
1585700
1048300
873800
640900
2551400
1442400
605800
993200
1837700
427700
711500
2040600
473100
813200
428300
429400
926500
545300
765900
1555400
745200
527400
1041100
833400
1262000
634300
1042300
2013200
1685400
836500
652300
1080200
944300
1062300
1268500
663300
975800
2453100
436200
519600
555200
2641300
524400
515000
529300
1712900
628700
543800
542400
552900
1255100
684500
1086900
423900
923600
654500
1114100
415300
637900
2155200
1776300
634100
651100
517200
438300
676400
514300
895200
1699100
654000
546600
1402100
757300
414900
418200
412700
415600
525100
1177800
425900
829000
412700
409500
902900
409800
409000
410300
896700
1028500
2907000
764700
870200
2889400
575900
427400
682000
434000
2484900
778000
962400
1149700
912900
435300
679500
677500
537900
1089300
428000
563500
655400
789900
966000
1272000
1415300
1130700
1070000
810800
1693100
1174700
1032500
1079000
810800
1996700
1466500
985600
747900
638800
578300
1091700
501400
723300
435400
679000
436600
2846100
958000
575600
946700
564900
683800
428100
426700
427700
815500
536600
534100
1496800
863000
1253000
688200
792900
550800
793400
1021400
422300
583300
1264300
738100
419700
1026700
543700
656500
1900300
545800
1395900
420900
523500
1292300
947200
1946300
682500
680400
3727000
416100
916700
1646800
520200
416200
413100
1453500
677600
526500
1448600
1874800
462700
421500
753300
600500
965000
795400
555800
412900
410300
426200
550000
785200
780900
1031000
1028500
418100
1399800
1024100
1775200
546300
1920300
520800
1322100
422200
763000
1373700
912900
543900
789600
547700
412300
546400
417400
518300
411500
655500
553900
412300
846100
2366900
1040400
1493700
425800
557300
553400
529300
669400
429300
1191600
425000
646900
428300
1563800
534000
426500
424600
591000
681400
929600
900900
584600
541600
1553400
426300
548200
876000
434200
1269100
441300
538300
904000
773100
731300
1210700
418100
784800
1654500
954500
906300
417400
521500
410700
661000
676500
783500
920800
415300
548500
816200
682000
954100
1016500
429700
555800
623500
1823000
413200
411900
1131500
729600
409000
1609000
543700
1477100
1131200
652400
1314300
417500
914300
1421400
967500
886200
632900
426300
412400
648100
2083000
927000
838400
529900
539100
817200
414100
631100
519900
678500
3117700
559800
553000
412500
1572600
1585100
539200
407200
646200
621100
534800
1818000
646800
412400
422300
410400
643200
539900
544200
2845800
1318300
1342600
527800
1406900
642200
773000
643900
535200
646100
1369900
411500
512300
1346000
510300
410700
770500
412100
877300
1080500
414500
1210700
772500
773500
406500
515500
411000
667100
409400
418400
1111500
677700
520800
1453700
539300
776400
407900
670200
405600
413500
778800
409400
1391500
818000
1021700
941400
654100
637900
1051100
675100
904400
1119100
748500
1117900
409200
908100
910600
910100
411600
548500
477100
421900
1170400
406700
404400
408300
1006200
407400
1106100
415200
1011600
410700
521000
939300
675800
535000
1195100
999400
902800
568600
742500
802000
1005400
411300
542700
543000
620300
412800
1527500
540400
508200
405400
529500
412800
1191700
643700
746500
408000
638700
643000
1552400
415500
410900
773400
544000
2952200
1137200
751800
1656600
2252300
1280300
689800
2022400
911900
1830500
734800
2984200
1082200
3214800
1486500
807800
1311700
1711000
1094400
809800
1250900
838800
826800
826600
743700
1106700
512300
541400
1065400
1043200
418300
1249100
547000
410300
655400
546900
745100
467100
672900
1262200
765700
411700
749000
746600
535500
555700
410000
552700
545900
542400
1250800
1399300
621000
826600
421200
411800
411200
882600
770700
510200
517000
639200
818800
424300
950400
1066900
2194600
416900
904900
513000
1018300
541900
516100
1146900
910400
1005700
641900
620400
541200
1256100
614200
3757100
720200
857900
623800
404900
406400
405200
414900
407400
407300
405600
410300
413800
1335500
873800
871900
673500
1329600
1469500
594900
415800
1031300
757200
853200
406900
404800
408300
518000
409300
542900
854400
905900
2189600
786400
541800
652200
677900
1927300
803400
528400
424300
518100
556200
416400
418400
421700
415800
552700
999500
407700
770800
410800
540100
546200
792500
768600
955500
736500
684000
715700
634400
420700
718500
981700
3145100
449400
544800
674500
852000
858600
510000
766500
959700
2389900
936000
674000
411200
516100
1007700
406900
537600
431200
1153800
1713700
413300
406500
641800
1058600
1651700
1211800
1040500
895100
541800
1108800
1555900
414700
1634000
2384900
1192400
1442200
541800
538100
653200
934600
411800
1093800
544600
803500
1278000
413900
545200
535800
1585200
537500
406500
411900
514400
412800
1242400
408300
417200
778600
1720700
659900
1029500
646100
665300
407500
808200
516300
402600
635600
769200
636500
1165300
1002700
641900
742600
1162100
777000
540200
1063600
521200
905600
885800
436400
538900
2634500
416500
414600
414000
1334500
2800900
513300
3848800
1496000
1800400
512500
1481400
746000
408700
1044200
642500
408100
412400
1429500
805300
852100
989900
534700
739700
850100
408200
612100
2719800
558900
977200
673100
1079300
1789500
616700
952000
1578100
4276100
2894600
1731500
1364900
1116300
423400
420900
820100
990000
698000
1678600
1596100
1599400
835400
444500
2215700
2714700
1038700
2458700
1340700
421700
550900
421600
815500
969200
558300
420500
420900
2757000
1887400
908600
736100
649300
915200
523900
1293100
850900
1129700
533000
410100
616200
407700
537100
516700
413900
411500
1860400
587400
611300
679300
403600
532300
402100
413900
405500
405600
1265200
539500
537200
967600
669000
1081200
764400
403600
541000
618700
1008000
522900
1357600
533500
1023900
891200
419400
662200
406400
958400
554200
421600
414800
753200
1563200
2913300
4048100
1768300
2147900
684900
666500
647000
1125400
1656500
5385300
838700
642700
627100
664100
6519500
867300
1030100
1422400
1424300
797600
3196500
714500
407200
542900
567900
902000
408800
409000
662000
536100
1060500
641900
1502200
814700
817300
1681100
2961500
685000
412100
417500
752600
409800
657300
1172400
1311800
1533200
932600
1599700
666300
1995400
421800
831400
878500
419500
817300
1072200
763400
430900
976400
1066800
424300
678600
851700
700200
942000
1604400
684300
1888900
789600
630600
629400
788400
1963300
990400
1261100
646200
967600
1004100
647000
1279800
1033900
1026700
1571900
813300
824700
2216300
420900
644700
652000
412700
929500
5217900
1045900
1224500
1065800
2353400
668200
725000
652500
1012200
2486400
813200
1906900
2353000
828600
1712300
822500
2602500
847700
1365700
842800
649900
644500
628900
1968600
1105300
422900
556600
575600
558700
405500
1228700
510200
973400
520700
1160400
718500
1842100
1935700
998000
1019100
678300
1781600
1497000
1801100
841600
1154500
705400
1066100
2002900
537700
808400
640400
412900
417100
648000
646800
521900
765700
860900
1022400
2362200
2129900
1331500
797100
451100
1036700
1036500
1076200
937900
993100
3561900
1657900
1760100
607900
1572100
1124600
859400
1478800
2460200
1664600
2034200
815100
2689000
1173900
431200
1033000
635400
1367500
410500
1233500
1166800
1224900
596000
1317400
413900
410200
1269100
408500
511200
534500
3099500
1292500
827100
814100
1470100
1759000
977800
1792300
2743700
725700
440200
2721700
2371000
663400
419300
1154400
783100
997900
1210100
418100
543500
814200
823700
890700
406900
404900
418000
520200
410500
458000
1640100
417600
1091000
792700
537000
612300
799100
538300
877400
798900
545500
1496300
1352600
2746200
773800
984300
832000
1185900
1225200
741900
520600
1783500
602100
1023200
405500
404700
662000
645200
851300
943400
2223600
951500
1021500
896500
1522600
903100
613400
774200
647900
1715100
682700
753400
749200
929200
2362700
750500
2987700
1521000
1181500
537200
512900
411600
661600
519700
1586800
884900
1215200
648100
838500
1549000
2348200
1074500
1031900
1308800
1102100
878500
2011900
884600
1579300
1478000
1644700
1189800
1877800
2161900
1650400
2049200
427000
405200
1211300
923600
420300
766300
414200
1445700
3811600
2791800
524800
646200
658800
790200
1395600
407000
542200
638200
675000
1047100
1097500
3208700
711300
1243200
1570200
2110000
581200
1401600
826000
545600
538500
405200
616600
794700
664600
1500800
689000
1077100
1513900
1487800
3424000
1276700
1043600
1354800
637700
1184800
989300
928200
837900
2777600
1069000
919900
1415200
1235700
1054100
1698700
636700
637500
3019600
2116200
1389600
1083800
2796000
1002700
539900
964100
431000
924900
429100
769400
411100
1072200
942700
1032200
816300
581900
447700
560000
437700
1975300
2859000
1578100
2332500
1220700
686400
705100
1742800
704400
2545500
899700
590500
1408700
710500
693600
3280100
846700
778700
638800
1621800
1373700
630400
1545400
636400
738000
1744500
1152600
866100
572700
876000
432700
832200
2834400
453500
1229200
1320000
1906400
754800
2851600
1021500
1431600
705600
1900500
600200
996900
688200
617800
1777100
1589600
587500
792600
989900
2903600
708400
1525100
914800
907100
531800
535000
405400
1167200
1611600
735500
510800
404200
664400
1083300
974700
873000
977900
749600
772800
778300
896100
499400
664900
843500
1936100
3962400
665100
877700
1052400
895700
686000
1250700
685600
690400
1167400
773700
927400
764600
1303200
924900
897400
529400
991000
765500
868800
1531600
937700
526100
871800
416300
1583600
435000
530700
790400
2501600
1536100
417200
744700
414300
1684500
413100
1236100
771600
406700
649600
3683500
934900
409500
2507200
650900
513700
1075800
878100
666400
404300
512300
643000
533000
508900
776300
747200
1030800
507700
408800
405300
412400
1009000
744800
415200
743800
1318900
734300
1018200
795400
408400
406500
413100
507700
742300
668000
509300
719400
406800
515200
876000
1213800
412700
411000
1376700
512300
1284000
408300
439000
731500
540700
503900
1379900
737300
523000
403800
653600
641300
2029900
1016200
877200
1344400
413200
416000
408000
510100
506400
413300
667100
842000
807000
1529700
414600
404300
409500
408500
412700
739300
408900
792200
1388300
873500
793000
636100
413800
642300
1083800
538700
1367100
640700
408000
535700
797000
662800
530700
663500
666700
407700
1158500
670100
409900
1413400
1104300
539600
410400
777000
410100
618800
961800
2979400
709500
715600
905800
402800
1197300
644000
2062200
971900
405100
412900
403900
1671300
409400
409200
409000
779100
407900
973200
903500
2178800
647800
1275400
1098300
691600
513500
1002800
510400
508100
1519200
1213400
413200
407900
745900
516000
616500
672700
511300
663800
1133000
1368000
425200
516200
795200
409300
723400
1099600
2358400
1827900
1361500
540400
667200
409600
417100
668600
901000
1030400
420100
872700
819000
1019100
1169000
410100
409100
1486500
939300
3092100
938700
953500
1404400
3369500
1862400
3482800
3152300
2801500
854600
1502200
1081700
1237900
687300
1301200
772100
919000
1072600
859700
871000
1921600
677100
838700
906300
705900
2496700
1524300
2342100
1161800
736200
820200
1480100
1300100
1013700
1011300
817000
806900
1738700
1886000
1704300
808500
1561300
1751100
810100
819400
2286300
1097900
854800
817300
2743600
627700
783400
2289300
829400
2742600
1125000
1307000
1099400
1826600
2846500
2707100
3967800
1336800
821100
927100
728900
1826100
1552600
1554800
1511800
886300
1729900
1128100
923100
1003500
959900
1200700
1333000
1426600
1583200
680600
1289900
1303500
673700
676300
2347400
1077800
2191500
1093900
539400
515800
561400
1590300
1043400
1401100
412300
516500
766400
514700
507000
504200
647200
508300
1832200
1029700
2255600
676200
676800
1980800
1382300
664400
649100
517200
1575800
863800
1456700
2909600
986300
1022500
1155800
1024800
417000
772900
882600
540900
984200
547800
538900
409500
412900
2617000
816200
2266500
1072700
2410400
772000
519200
615500
536700
650200
407800
715300
515000
1772800
545000
440100
408600
640500
752500
511100
539100
414300
2107800
405700
404500
407400
640200
765700
513300
901100
838300
768500
412500
406000
1515500
533400
510200
404900
1612800
660300
896900
537400
643100
405800
405900
409700
405600
1266900
979500
407900
638500
660200
539300
775300
411100
409500
673700
917300
1181700
978100
589900
911900
1058100
2968600
545700
510300
407100
617200
511300
898900
902000
955500
1048700
532300
516300
793400
636600
1005700
705200
677000
608700
402200
1461600
509500
873400
656300
1569000
864500
407000
1123500
405100
1321300
1039000
897700
918200
541900
407800
532300
642900
516800
1269900
1031100
636700
458300
408000
406700
1185400
411400
870100
540900
540600
769900
412600
667200
407300
1388800
895600
672800
640400
408500
978500
617800
510100
409400
543500
533300
662500
678000
1180900
1118400
539200
405300
724500
616700
617400
547400
800100
413700
414200
409700
995400
643500
1338200
1112800
668500
1065200
510400
639600
1479200
1019800
883400
412700
411100
669700
749300
666000
904800
2189100
406800
1307600
3063900
1274900
1056200
2694400
4076100
860200
651300
980000
667000
663100
1366400
2071800
993300
2196300
644900
826900
653200
1174900
816900
1399800
659100
1555000
1343500
653900
657300
1462100
872600
2810600
1235900
1606900
1015600
906500
1460700
1115200
691200
1035300
1071000
687600
1121800
1869400
682800
1803800
789700
1231400
967000
1588700
3255200
5619000
727500
1018400
2202500
1279200
951200
1640300
2345500
660600
1181500
1698100
1004600
613300
699400
1340800
1101400
4500800
940300
1253100
1109100
682500
805200
1585200
1904900
1128000
2022100
1061600
792300
1121400
854900
795000
1618700
864400
1228100
654500
1731500
746200
586300
1521500
1381100
1514400
4134100
890400
3050400
1244200
989600
998600
1036000
1239100
797500
987100
406600
506400
1029700
879300
414800
526200
411900
402500
483800
410100
999000
511700
642100
406600
408300
413700
871000
1191600
459500
411400
667300
675700
1002900
684200
825800
784200
645600
509400
842400
715800
950100
592600
982100
618100
537200
951600
417600
1549800
1721700
748700
968000
508600
795500
614300
766900
671400
795900
405000
449400
770500
742400
848300
1174400
667600
617700
658700
900100
1335300
529600
559500
745700
950100
1021000
930400
510600
640700
1058100
2455900
1196800
594300
560700
3718900
1220700
506400
405200
766300
1497500
983700
540100
1233600
917700
674200
876000
411800
962100
1761800
900200
521200
648800
789900
420400
871200
422200
1146200
790800
531400
426500
556400
659500
426400
424200
1181200
674900
666500
1366800
559900
420900
797000
426300
816600
434800
687200
2642100
668500
881200
432000
1037400
423000
425900
562300
1387300
667300
667900
692300
669100
680000
1046900
1096400
722900
432800
424400
674700
935500
928500
661900
430100
419200
421700
416300
794800
896300
669500
529500
701600
432000
425100
656900
549000
797100
469600
1088300
4271800
940400
3448300
888700
618300
2102500
414500
796100
673600
518000
2877500
1125700
865200
901700
532500
852400
1484900
1655100
687700
1175800
1799100
675700
2270500
1981300
1423700
409200
643500
407300
534400
403400
415500
766800
533400
1104700
412800
446000
776900
606000
972100
413400
773400
924900
526200
406200
520700
754700
512400
846100
409200
1285000
769400
769600
1293800
510400
744300
1539400
645700
406600
536000
750800
694500
413300
410200
2357500
428500
667500
813800
978100
770300
408800
766500
511500
512800
405800
400400
875400
516200
404200
688100
421300
403700
1312500
725100
1474700
412500
1331600
555500
403400
1736500
1369100
509600
632900
541100
713700
1264600
609200
769600
444600
1748400
511800
661900
1300100
615400
677200
423400
1549200
1016900
410200
538900
720200
2474700
669600
3023100
755300
405700
863000
413200
2078200
2586100
539100
546000
2089000
901900
647200
1240400
1057300
525800
673100
409700
410400
636800
743900
407200
2209100
544400
1030700
514100
633100
633800
401900
507400
744300
1813800
1466200
951500
439600
413900
574700
631100
1356400
610900
537800
405700
1818500
784200
505500
533100
629700
3706900
1067900
2389800
2450700
1007900
1029600
742600
965600
407600
1020900
522600
633700
1143800
776300
405900
1264000
412200
1197700
1390300
546400
509300
513300
854900
406000
666100
417800
410700
405500
411300
2483000
1118300
408600
408700
1564400
766100
1192900
1794900
1406500
1328300
793300
759600
1948800
1778300
726100
1176700
955800
1450100
849600
931900
4276700
1071300
5663800
1768500
669100
1756300
2515600
1369800
1826800
1437400
873400
5907100
546500
562200
1325900
1837100
1585400
846300
2022600
5035900
2918500
501100
415400
3936000
2143900
3151400
1750100
5121900
2244600
2532700
1664300
1363500
777000
751400
940800
2871900
781800
622400
1108400
715900
3774100
1797300
1007700
1853800
768300
706600
974300
2054400
1762600
1480800
609500
2952200
868500
1361500
1222200
1442300
2545400
743500
741100
819500
1332900
969700
686300
406900
5014400
1056800
1107700
1093800
3223200
1028200
661100
1030400
1145600
1050000
3845500
1279600
892400
687200
872700
1177900
3033500
712800
1547700
2537800
1011600
1181500
873100
932600
1156200
647700
1207500
696700
1063800
959400
2755600
1429400
802800
543300
649400
1148400
1432100
1212900
830700
643000
827900
700700
855300
787100
2902200
923500
513800
743700
676700
765300
664000
419000
1570500
691800
1704600
840200
1011600
1450700
1247500
2020000
698000
463200
527300
855900
513600
747500
777100
1028000
668200
866200
2395000
602100
573200
819800
768500
415500
1153900
414000
525200
969100
2695100
699400
781100
548300
540200
1882500
511000
404000
1332200
2478700
685000
690700
3936000
2780400
440200
406500
2077200
943100
406400
403000
747800
3092900
1801600
5749700
1360600
406900
409500
407000
405800
405400
1109200
821300
1330700
2086700
1122800
826000
1298900
2797000
1467800
2417600
1807200
618700
632400
415400
2031800
837800
411100
1250900
791000
951500
868100
2439900
724800
1224100
405700
1571100
640800
539200
536500
507300
1636700
1417200
451800
636900
1458300
728800
409900
657500
2663800
689100
944500
428000
407800
669000
537400
549700
405900
532400
408200
412200
766300
1144500
2652000
1473500
2093100
3218600
1892900
1346000
436000
783600
793600
918400
903200
2172900
455000
542700
534300
869300
672400
422000
424600
574400
3101000
444000
404700
1087600
948500
1114800
512700
1579400
1234300
1352400
2192500
3651700
1636800
630400
1427000
1764400
410600
661800
406300
1264600
638500
1384500
1479400
1011300
1867400
2567200
3322400
1430700
779300
971600
663400
1732400
2331400
2035800
851600
3929600
2029300
422400
1466900
1271600
842300
470800
1965200
1312900
825800
998100
904800
706000
3115700
906000
1105100
810000
822800
915200
518000
403700
741800
450400
913000
1450200
1055900
1110800
1624300
2600500
2029100
749600
415600
770000
661000
742200
855200
613100
1287600
1621100
1246100
975400
1074500
1018400
651900
2151300
1287200
421100
1996900
417100
402400
402200
539300
671000
404400
1198000
727000
1698600
437500
551900
893900
413400
669200
545600
3972800
913200
452300
447900
544100
410400
540600
505900
1562600
897900
3471200
2502700
2188100
1133200
2214400
511400
403500
516000
1906700
682000
542800
703700
4448200
1151200
1028900
2123800
1304200
891300
419800
665800
705400
551000
1060000
1756600
2621500
5591100
959700
573300
408000
680800
540100
793700
1706400
512300
544100
511200
408300
535900
1676400
1512100
651100
1231800
712900
734800
5856200
866000
1303600
3325200
1277500
1222400
1036300
869600
701000
1810100
2461500
1175400
1121000
568900
423500
676800
549500
1049500
731700
3173400
884600
419700
829100
405600
1933100
517800
439900
406000
410000
635000
1314900
1629300
544400
1344800
522000
743600
1002100
1619900
1226400
1644000
1266600
813100
1045000
1061700
1011300
630400
1046500
819500
1006100
629500
1901600
2523700
648200
1006500
515600
1138500
647900
414400
1039800
411000
854100
771300
535600
411800
414100
1578200
748600
617600
644900
406500
407400
1873400
446700
418800
663000
549300
508700
404500
421800
642300
847400
805900
411000
508500
804000
1441300
726900
613600
1150600
421300
554200
686400
1461400
896000
1021800
843700
825200
2693600
831600
1762100
882500
939600
1020400
652200
860700
1429900
830000
819900
693600
648500
837900
2153200
1145900
1781700
1553300
1675600
1446800
486100
847900
851000
881400
1423600
428300
415200
414700
1817400
1189500
912600
1398000
838300
568400
834800
1282200
1934800
565800
653300
889800
661400
522700
418100
418900
712700
417000
591400
417500
1252600
564900
411500
554500
1431600
427600
521000
418400
414500
1233500
539500
511100
777800
1440600
983000
805100
537400
769700
510100
1305100
984800
533800
421300
535800
879100
863700
1342800
653500
421100
512600
1109800
905800
415800
648700
803200
1088800
661600
975200
409600
615900
616600
414700
537700
406700
987200
407200
493400
905300
1226300
539000
1454100
410000
416900
410900
543900
416600
667300
408800
644700
1137000
514900
773100
506900
2493900
673300
509900
543200
729700
417200
867300
1100100
1109600
857800
425700
541100
635700
996900
408300
871000
633500
502600
406300
536800
508400
768600
742400
920800
539400
1131600
828200
413900
632500
404000
1031000
761200
685400
528300
649300
944500
532800
420800
903300
551800
659200
901600
427100
428500
637900
667900
1122900
630900
1024800
629600
1621000
1338800
1882200
1879000
1895400
957900
690000
1118000
423600
1407900
425800
424700
430800
1324500
538400
1008700
659800
443100
427300
508200
426900
1958200
1034900
666600
931600
799200
1120200
929700
903900
421800
425300
1608200
2297500
2663800
714800
744900
728000
511500
536600
1342000
1007500
411500
769800
521000
506800
994100
1051600
1046500
689100
983700
2270100
1409400
1526600
1118200
1049300
924100
436200
532900
764100
1112900
643700
412100
901600
537300
408400
771300
534400
409600
637300
546200
749700
409100
854800
1547800
3261000
663400
901000
643400
518500
406000
537300
741200
641500
508700
636100
539100
413500
510200
409700
1560100
2683700
840600
1222200
1820900
583800
773200
737900
1156300
761700
405000
802900
414000
411200
778400
405500
405100
737100
1208800
1180900
406300
2399100
1154600
875000
912000
674900
538400
622500
933100
408900
404500
403300
1113200
669300
853300
748300
535700
540300
514700
613800
1726400
636200
1208800
666600
1369800
556300
1468400
743600
506600
536400
421200
2735800
1014000
2012600
779100
404600
671500
405700
406700
408300
508000
417200
408400
1419400
411500
878400
871000
535500
412700
405200
406500
973300
976400
666300
405500
411400
404900
538000
1234500
949700
514700
412300
748400
456500
407300
973500
423700
1792800
816400
1021500
1475400
1557900
930400
399100
604900
525400
406600
406700
404100
406700
535100
409100
918900
531200
1383600
789900
530200
2342400
1485900
817100
723100
607800
758700
667900
1730100
784500
731700
509000
499500
503100
791500
1977700
959500
2461300
405600
628200
402000
503300
419300
965900
402800
407000
783700
659400
970200
963300
1091800
400700
2110100
506900
406600
399400
733700
1024400
983400
1703100
906300
1014400
1307700
2015900
410500
634100
404500
632400
603700
398300
509000
403300
967900
744600
611300
1161300
1061900
693600
400000
1506300
405000
792900
1202000
945300
943800
709000
534000
398600
629500
403800
872500
405700
666700
1002700
401700
863100
406200
418100
522200
533700
844200
633500
401900
447100
779700
401500
1104500
430700
412500
522500
870300
534100
1003200
405200
1020700
541400
403100
788700
411600
923700
1189900
967900
1304000
823100
808500
2759800
814200
820400
1739700
1281800
2256600
1241200
2838800
1047000
883500
669200
1121500
641000
400400
785300
638900
402100
509800
505000
411300
507800
2517700
798900
1119600
664200
657100
1527800
809400
794200
1307300
2245600
3500400
861500
1072000
1320900
1275700
804800
690800
1888600
841500
3192800
2453300
843800
836500
1039500
1331500
1851100
1548300
1106700
1304300
1898300
1951600
1351000
1670800
1124800
1120400
1094200
2845900
1080800
1504900
1096800
1093500
828800
1101100
825100
1641800
1201000
2325000
1399600
849100
1214900
1387700
2066200
1303100
1105200
836700
1949400
1513100
1051100
957100
663300
858600
2654500
2044100
1241500
1219600
1320700
1331400
1588700
2159200
1794600
2441100
928500
1691700
964300
708000
696500
922000
691300
1261800
2418000
1315400
844900
1018600
836700
901300
718100
1171200
1361400
1916300
1755300
1008900
941500
1408900
1543500
1286600
692000
1490600
1343200
864100
864300
642200
1332400
1914600
655100
4800500
1042200
1030200
3172600
1403700
660000
2165400
2560500
2109300
1366600
1473700
861300
708200
843800
7123800
1305900
815900
1343300
1242000
1072500
829400
2899500
871500
1147400
1920300
3686300
1187100
1035700
1659700
920600
1863700
1103500
1514200
1135100
1480500
927900
965600
818900
2484200
1169400
951800
2512300
873900
1807700
1896400
2337300
1021000
1057200
851600
831200
1358400
1145700
772700
859700
698700
1194900
1046800
1384200
814300
699200
717100
1421300
644200
856000
1034300
1659300
563500
649400
2764100
1029200
1162800
1070400
789600
785400
1419300
844700
1146600
645900
409700
775100
409300
413600
410300
406000
1025800
876800
879500
855200
1178300
1702100
417300
2450100
835300
892900
414300
538000
408400
903700
418200
514400
521300
1683300
882400
408900
865700
938700
418600
672400
1231700
1321800
443900
545900
847000
882100
1255300
840600
705000
412900
766300
1020800
419600
1472700
659500
1033400
1166000
1503200
770400
733000
1056200
418900
888700
927400
574600
433400
417600
667900
943300
562000
1481100
764800
980400
866100
1122900
411600
417600
679700
1397800
2040800
1157700
672800
518700
512700
1445900
407100
611800
436800
875500
1135400
539000
510700
438000
687000
926700
404600
643100
888900
659600
412600
404700
507100
406600
411500
508400
937800
1353200
1057500
1592300
1005200
1056900
1951700
2344400
863500
2313100
2286600
970800
2009100
1928600
863500
1205600
1808100
1082500
924500
1302900
583800
676900
506400
647200
1242400
416300
410000
407200
1216500
508900
409700
888100
534800
610600
544000
1828600
611100
406000
844600
540400
1025500
407900
720900
536400
926200
2035000
408500
507400
407200
1463300
998900
541600
463000
538800
804800
410700
402600
763600
1311500
1017800
408400
1446500
405800
2091600
2091600
1520300
1003700
1209700
1051800
1273800
570800
622700
821400
1002700
908300
426300
501400
561100
835200
790800
2202800
693900
918200
631000
659600
737700
773700
1363300
1605100
708300
1092400
576300
576700
943800
477400
1908300
1178900
1471300
937400
1600300
489200
1066100
4139800
1239600
1017600
623000
910700
807700
2277500
2297600
608000
561500
885100
1045600
1755500
2606600
1593700
670600
588100
591600
542600
3352300
795200
480600
2080600
1129100
4132000
762000
805700
812800
1912600
941300
873400
423100
1053700
767800
1231900
479700
662500
1851800
855000
1506000
906100
1218600
1466100
1495400
2996600
909300
1850800
1322500
745000
407500
529900
480100
465700
412800
1409700
421000
730100
1055900
421900
1152200
1268400
439200
1194300
670600
661200
665200
681400
866300
1243600
853400
940700
669700
743600
1410800
1063900
1016100
1142800
1817900
681200
1855200
735000
1473400
1862100
785300
942400
643400
1547400
1198100
658600
1992400
682100
837700
1041800
1187100
4332100
1540500
1108700
705200
1094400
909600
834500
2831000
2570500
1215000
741300
1328500
1367600
1492200
6945400
3093600
3441900
9884700
5827400
898600
1436700
2909200
1523600
1547600
1306600
1010000
1125400
2148300
833800
1619100
1464700
531200
1758000
1559800
1781200
2800100
1115600
459100
1454800
4047300
1954500
1530600
2628500
1749300
1806100
1643000
1209300
1031300
1123100
1218500
1412400
911600
2814700
1703000
1051300
852200
1612100
859900
1388200
1463300
2280900
851500
1224300
1226100
1813000
1840700
1897300
6919300
2289900
1218900
1225800
1364200
912600
1118700
2235100
1873600
657800
2911600
4908100
1193100
1728700
1971100
3855900
1945000
688100
509300
690800
690100
1287300
1038000
528100
1494300
811100
1280500
1751800
521600
564700
783100
790100
1058100
4360300
1169000
1081900
1069400
1098700
968600
1331000
743900
2082200
981200
739600
721400
1297300
1091500
998000
1521200
1778300
1897400
1320600
703800
1067200
1392900
1994900
1140600
741800
1147800
723500
736100
2704800
1294600
3893000
1540500
1804300
920600
1226600
1072700
830400
440300
1340400
3749800
678700
918000
1695700
888200
668800
629100
542800
650200
409200
1582800
782600
411100
462800
764000
408100
407600
635600
403700
416300
1419200
537200
544800
907000
410200
748300
405000
765100
412900
514800
768500
879700
951400
640900
1065900
796900
921900
663400
536900
419700
656100
2454300
750300
643200
411400
408700
535900
874500
414500
409800
1293100
412200
1133600
513000
790100
1083800
1476100
1107200
1063500
1099100
1597500
514200
1685300
2678300
660100
4581700
9559500
15598100
3250000
814300
9563300
1562800
1069000
899100
671500
1126100
748200
857900
1036000
694200
623800
3561700
7166000
5174700
883600
1293000
2731400
5565300
1835500
2387700
6058800
2308500
6316900
5893500
1329000
2049800
3093900
697000
1078600
2008100
1054700
750800
1716200
1205700
2485600
1171200
1838500
4927300
3037400
847600
2149500
1027300
7029800
999500
1347800
642700
3655400
1482900
1119000
689200
724300
691400
3757600
675300
885300
878400
842400
3875800
706800
3684000
1831000
4082600
902100
1104900
911200
1390200
3832800
1062200
670400
10102100
1878800
884500
2692900
626600
2668400
3283300
2549200
4364100
1072000
707600
3550000
15425200
2487400
4622500
1176200
1611800
809300
1005000
1474800
1329400
1035200
1996700
4109300
2276700
2439600
1332300
1284900
1646800
1380000
931100
1434900
2705800
1912100
1545900
725900
961300
878700
2271300
845200
6065600
2569500
2059300
723100
1480600
1201500
1160100
1318600
2230900
1034000
757500
7208400
1202200
1922500
785200
846700
1737500
816300
1831700
1698900
1795100
1504000
658200
639300
647800
634900
1202700
516400
403200
532000
537000
412200
507800
415200
1044300
865500
795300
412600
1372700
657600
523100
1455600
1075800
1569300
1063900
1438500
585000
416400
652600
664800
893400
1688500
647200
1413900
633900
1643200
1149500
1031800
1178200
2011400
1222000
1065100
1426300
888000
1418600
665500
1151900
988700
1037800
1867300
1392100
1082200
1650400
574700
954300
3485400
961800
849200
1468600
1302000
1818600
1201100
4363800
1438100
1101500
1782800
1759900
672300
403100
1029700
512800
514600
697900
404800
973100
973700
403800
405300
834500
2544900
1226300
564000
410400
1032100
405900
401200
873500
1104300
633400
1126900
421300
1810600
1323000
1367000
750000
1951200
1024600
2724100
2091400
888300
880400
2012500
1728300
1317100
1041100
543900
1772400
2183000
1074300
2107300
967900
1217900
1560800
932200
540400
1210000
1317500
3061900
1222500
1680700
738000
791300
415800
463200
1059600
2148000
1192400
1499400
1421800
1047300
1103900
3727300
999200
804600
2575600
1467600
454700
662900
642800
1246600
811900
616200
666200
773400
550900
527900
458000
1143700
2492300
1320400
700000
1832800
2221000
1203400
1437300
1791100
1228600
1512600
1766000
1196200
676000
1912000
698100
1225500
7430300
2463600
1116300
595000
1672000
801700
2478300
1390400
925200
1484300
1204400
677100
1748700
672800
2145700
819800
798200
4055500
866600
669600
1035500
2057700
1236400
1466600
934100
2580900
1718400
1328600
1074300
1162100
1073700
1148200
931700
751100
1749100
699700
803800
1302800
1818000
1067900
1338500
5184300
39374500
13139700
703900
698800
27006400
732900
8574800
837700
14212700
1353600
898100
1017900
23857300
1328600
1225700
1343700
1206900
1130800
855800
1512600
667700
4287800
804300
2919900
734500
1510600
1708600
1108300
2403500
63471300
1248400
1725800
673300
562300
1465800
1096000
1330700
2167000
2902100
843400
3980900
1078500
1224300
826000
1828100
1773800
2169200
790800
851000
743500
1133500
1099200
1861900
1628300
662400
686100
803300
644400
929800
613700
1338900
972600
2304500
795000
1659100
759800
1182500
1023700
3244700
4480900
1705100
702100
1566500
1072100
1009400
1471300
1003400
819300
649600
1783300
1882600
1662200
1248400
689500
718500
854100
658300
1204200
4880100
8748900
3119300
1192100
3779500
737700
1133900
834400
7109200
7020700
6978600
1419300
707000
8400300
5035300
6228100
12185100
1136200
1031200
3064300
1087200
1112500
918400
984700
983300
726600
941100
1868100
984800
1018100
1895000
2151100
757300
1962200
1142800
1239900
1263600
1661200
792800
2092900
1008000
668600
877300
1243700
915700
1745300
769700
948800
1331900
1383700
875300
929200
997500
975900
1021000
2195100
967700
1444700
1183800
630900
1322600
891900
1900500
1095800
1162200
701400
899000
6681400
744800
1822700
2031500
2209400
729800
741200
2765100
1620600
813600
2128400
903400
1122400
1073300
1055900
875300
2809900
881100
876400
1400800
951600
2582400
1358700
1354500
1952300
893900
1900900
1123800
2706200
1697800
1035100
1037400
1074200
705600
1988700
1179300
950500
2377200
1709700
1178700
1336500
1335800
2159800
1660400
1394000
1375500
789000
978600
938200
1700700
1435000
3235200
2682000
775000
1277300
4240900
808500
1036900
4085000
2722100
875500
1306600
1886500
2142300
2331200
892300
698000
1959800
894100
711600
668100
897300
684700
855400
882000
921600
3528800
752100
1199700
926400
2023700
1461400
862600
2711900
693200
748900
2543000
1280100
812400
875600
2893700
746800
735400
1592200
600400
1545700
1707600
772900
1011000
1113500
1630500
1700000
907200
2478000
1217400
1494500
932300
1647800
2708900
1156400
914600
4396100
929700
2553900
1633200
2744900
1509900
772700
780200
758600
945700
1087000
2443900
1247700
1236500
1221000
1394700
718200
749100
3712000
1272500
1457400
3332400
868500
2615300
1009500
1915400
971000
750600
1628100
1024900
1278700
1817500
1883900
1453500
1698900
885900
734400
1334100
1159700
725400
3404500
1438300
1989200
1750800
2359800
1408700
2322100
3938500
1147700
1519500
921300
698800
709100
2455700
1376500
1834900
1834100
2169000
1105400
793300
936400
1076400
1900600
1120000
645300
670600
875300
1525200
679100
946200
2053100
937100
1509400
952700
1338200
1438000
892000
1605300
919100
698100
1059700
682300
919300
701500
2947500
1387900
1647600
741800
1427000
1145800
747700
763300
2285400
1545500
762800
716100
1591700
1824200
753200
776100
1178600
1008800
1824800
1213400
771000
2596700
1064900
2629900
3948400
1330800
891700
2070700
1263100
1452100
1035100
687300
678100
1777400
688200
698800
872900
1143200
1176400
2424100
801200
1593000
2377500
732500
751500
930700
2173600
710800
1282500
1044700
890400
1421600
1620800
1019900
1238600
2334200
1102100
826300
1003600
919200
1015400
928100
824600
1393100
1344600
1632800
1258100
1630700
699400
2184600
850600
657900
754700
418800
1325100
416000
521200
1969100
533700
1577500
867700
1774100
1941200
1283500
1073100
1289900
824400
1090200
1075500
1025100
1964700
1465600
1102700
2499200
1320900
2704100
2314700
2234200
1833300
844500
839800
845100
1754700
1104500
2537500
1141200
2370000
854800
3014100
1016400
713900
879500
930100
793400
2486700
666900
414200
775100
762000
511400
533600
512500
998100
925500
643700
535300
1068000
985000
534700
512600
513900
413700
931900
2316300
538400
534900
928800
410300
745100
542800
408700
534300
616500
409800
665800
404500
853000
669900
2205600
923500
666500
1069400
1084500
851200
665200
637300
667500
541700
408900
748600
541900
867900
741600
946100
665600
407500
407200
507700
639000
479900
756900
836800
411200
505100
501400
640800
664700
946900
415900
513100
713100
547800
2057600
522400
547500
414600
1025500
885500
554100
1154300
981300
1171200
580900
588800
424700
904200
762300
740300
406400
770300
901600
412100
1007500
507000
878000
640200
1233600
540800
902500
415700
512300
1004700
1430800
2178300
3031400
1172300
670600
718100
1390100
531200
772700
806000
986300
722900
695500
1066500
1893000
840900
1318400
666700
1082100
2487200
1240800
467100
798100
979500
561800
560800
922100
540100
1167900
849100
876300
810400
423100
1923200
423600
430100
425200
427100
425300
428400
435800
426200
673200
1271800
540800
564500
567000
806900
429900
654000
773300
561000
424400
538600
495600
2379200
672800
428600
562000
567100
1197600
1181900
550600
1336700
733600
518300
415600
1158600
1214100
1355900
3730200
735900
1862100
1801000
545200
406300
645000
654100
916300
417500
674300
629700
2195000
895500
417400
550000
422400
551000
1311100
416000
549400
945000
701100
1468600
1300000
871400
1007200
439400
660100
546700
417200
800300
1051500
514600
535500
404400
1059400
407300
998500
414700
2526600
667800
879800
773100
1376300
406500
615100
670700
404700
765600
540100
409100
569300
1517200
666200
406500
542400
639800
1596800
1208700
406700
400300
1208100
409000
532700
639700
880200
409200
1891900
1171800
918200
405500
407800
407700
411100
636200
410600
665700
409000
405900
900300
413000
410300
1367600
1352200
410000
870800
768400
513400
834600
1332600
560800
1062400
637000
407000
408600
998600
675300
771000
766300
407100
643500
409000
648500
411400
404200
982700
1758600
1751400
408900
973800
1384600
653300
3279400
840500
1544400
410600
842000
404300
3459600
800700
1513300
841100
829800
2258800
414800
651700
1104400
1663700
409800
403900
662700
512000
1813900
1346500
405100
800900
407700
534800
410100
616100
612400
507500
536500
841900
754900
646300
770500
1760600
1340700
1354200
1054700
1030000
407100
1126500
409800
1500600
980300
646300
409100
714900
747000
512400
1514100
1430700
844700
821400
2010300
1283400
1025200
1274500
815800
830200
1281300
820800
817200
1315600
833900
2160500
411800
646300
415800
547200
1190200
517000
931900
692600
805200
789000
664700
403700
1179600
536600
617700
533300
538900
512600
541600
672300
1314000
410700
1591400
404200
408300
1769700
663000
642300
407500
1209300
409000
514900
876800
793600
624600
1647700
1321600
408900
932700
2123900
419800
410900
535200
641400
1082300
410200
534500
720100
539000
404000
609900
512600
408400
406800
1233900
765000
405100
619300
410900
642700
779000
714900
534700
936000
1707300
1691600
538500
539200
538600
724300
413500
542900
518700
408500
762900
972400
869200
533100
644700
765400
1026700
408700
505500
404700
411500
1144400
608300
410500
429700
405700
507400
1390800
900400
508100
404800
1079000
890800
659300
616400
1731400
900300
881200
799000
1214900
1649200
3916400
1226600
1416800
965600
879000
2899000
909500
1313200
868200
784100
893800
3717600
1120800
1101100
404600
1022000
637500
1288100
517200
646000
874600
1313100
1128700
2201200
2068500
526300
512000
1076200
422700
526600
421200
1485300
527800
856000
699800
804000
907000
533600
662100
429600
561900
427700
602400
924500
1494400
533900
480800
422600
630800
429200
534800
532900
532700
433000
430100
419600
420800
427900
1291700
768100
579700
1004400
657000
414100
539100
413300
410800
1677100
1292600
934000
406000
405200
662100
981600
770700
414800
529900
637900
507800
409800
708300
781500
542800
407300
508800
536000
980100
405200
534000
670100
846500
1168600
949800
438100
537000
527500
509600
1741700
821400
638700
529600
508900
827000
741700
1293000
2197900
3584200
1199200
726100
856100
1797200
720600
852900
1858100
2114000
1087700
513000
642700
1465700
611400
675800
420300
738300
1237900
3389300
1494100
1812100
2503900
715400
1731800
1104100
916900
706600
1303900
537600
794600
624700
904900
635900
1253900
528500
743800
1490800
1118200
613800
2187200
1583000
997500
3588700
636100
890500
409400
538500
417800
408300
827400
889200
545400
716100
728900
408000
721000
1745400
1238900
507100
945400
636100
741300
655200
540000
531700
2228000
423100
1123200
581600
588900
1110000
664500
611300
905400
768200
1316100
720200
878800
1799700
721400
646000
403000
409600
514400
643700
967900
515700
1215700
1120500
986300
1898100
1182900
2730300
821300
1290300
1829600
610100
1101900
1092900
1509100
802800
1405600
2586600
2368800
1738800
745900
1137400
783100
1035500
683100
1097900
779900
769300
1007400
1356400
900400
539900
542900
661400
733900
1531200
1415600
514400
546300
528000
792900
1509700
1573500
821600
772300
892700
541500
412700
1310200
886200
1498000
5389500
1129700
550300
1882900
1182600
539800
404400
737300
404800
406900
504800
1309500
714600
513400
792600
503400
1063500
1107300
946200
1451900
454400
1037100
1244500
401900
974700
610400
504000
670300
610000
1429500
411100
1516000
800800
900600
509900
2140300
1423400
2236100
695000
1098800
545300
878900
609300
2193100
1560300
1645100
409500
539400
426300
536500
504300
2013400
1220600
606500
408000
528700
751700
507000
417700
581700
1869300
785700
652800
2044300
533300
619300
661700
763800
4096600
443900
1058000
3318400
1330700
1223000
870900
1082100
761600
638000
716900
636000
1323000
1397200
1061400
723900
1547400
746100
734500
1212500
1337200
1141000
765900
868300
517200
504400
406100
402200
1623900
1082200
1497600
2389000
1464400
418800
404800
421600
535100
1814000
749500
2194800
513100
662700
800500
405900
1626200
1182800
3306500
1060400
1197600
1907400
584800
606100
862400
1186400
1084400
4154600
417400
2720500
1593800
572800
582700
1305200
599900
1148300
1141100
1125200
602300
915100
584200
1477000
1246200
541400
4309600
879800
881300
405200
404200
644400
994100
403800
746600
766200
1183000
998700
1157100
405000
1234700
743900
661900
525000
1182200
1160200
822100
839000
758600
409100
743400
981700
408200
642500
405200
536600
878400
669600
512000
409400
543400
641200
739500
411900
767900
662800
538200
637300
638200
782300
986400
1086600
844900
966700
890800
1139200
419100
660100
945700
892100
558600
524100
899400
1161300
546900
421700
548200
1310300
1025800
1236500
844800
897300
2206400
533600
533300
615000
402000
404500
508200
1210600
411400
1468100
513800
409000
408200
642800
408900
721800
3036000
416100
640900
639500
508800
414600
507200
403600
402500
669800
664600
406300
985400
740500
874700
943000
1716700
431600
1028600
1805700
1045100
1644100
868700
529700
513100
533200
532400
541000
737900
402500
405800
766800
869300
1236900
847800
781300
793600
508700
1981500
1093300
1060400
1831700
644300
405500
1133000
743900
407700
2271800
408300
1896400
870800
2161100
898400
637200
536100
511600
664400
405700
1230100
558800
1113300
847600
1035500
949100
1502300
982100
1671200
771300
2129700
1276100
545400
602700
425600
536500
933800
1594100
693600
600900
938200
1917600
2764700
1408800
2651900
2969600
3278000
3175200
1258600
1718600
11349600
1369600
966700
1623500
648000
2885300
967200
865700
1109700
1722600
1818400
1474900
3286000
809400
4311700
5639200
909400
935200
733100
792700
813600
1403300
792400
638000
1511500
1735200
1695600
1600900
1894100
1024200
678800
1620000
2927000
712500
1309300
1634700
9241200
1095300
1000400
1014400
1441600
861500
3429300
732400
1278100
932400
679700
1112000
1486600
862000
909500
711200
1252800
3862700
2101300
754900
1407400
1396800
1211800
799500
561200
680400
1627500
751900
1204600
832900
1280300
549100
415300
1350500
649500
414800
739500
635500
1036400
534000
544700
549100
874100
414600
1503200
403700
635200
423800
862900
415600
1733600
985400
665900
400100
765900
998700
404500
668500
870800
642100
544200
644700
409600
672600
640500
407100
609900
1006900
1215000
2239900
1064600
1350000
1532900
536300
890700
411400
511100
409200
745300
1031500
613700
513900
639900
639600
672700
513800
509100
1110600
534800
635100
3513500
672800
412900
537000
406200
409300
818600
1099300
998600
612600
1559400
636500
614700
765200
3134700
405800
1026300
781800
416700
412100
418600
422800
406700
681700
717800
508500
865600
1093600
400100
1252900
404400
1365100
1155400
518400
406400
2330500
1102800
764000
776200
532900
1336600
567000
507100
1136100
506800
1154400
714000
1229600
540500
767900
771900
1376600
1003700
639400
1221400
667200
843500
1036000
753000
1157400
870600
1363500
407100
404600
408200
409100
409600
931500
775100
406400
1151200
411300
403700
659700
512700
738300
1087800
2019200
1492900
1254700
1296200
652000
1068500
812000
1765800
670000
745100
402100
508000
403600
411300
409300
537000
842500
436700
1126600
844400
1956600
731300
477600
676600
567300
511900
407200
2242700
773000
410800
515100
618500
742900
878700
411600
897800
608000
893700
977100
535100
1083400
789100
404500
2724300
1361000
803600
528700
403900
507100
1330300
406800
429400
663500
510400
633700
610800
766200
508400
897700
505700
533300
666700
793400
508100
403800
750100
408000
404100
642200
507400
404600
400100
534100
774100
640600
407700
412700
641800
771100
543200
1300900
1175300
408200
1209000
769400
514100
517900
407900
748700
438700
538800
1316500
409400
1025500
403800
403500
509300
996600
407600
541200
642700
640700
515200
537200
532300
507200
821000
404400
530900
613000
749900
900400
518100
637900
870000
743000
531000
566200
1308900
1080000
2108800
687400
700700
1131400
435900
608900
1394000
540900
2158300
407100
410000
401400
401200
489800
408900
406500
689300
1660800
1212500
2433200
1234200
2463500
2117900
2026100
879600
892400
544600
893800
639600
863100
1204400
841900
1063300
530400
948000
534300
1673700
1624500
894400
663100
540300
531500
897900
896800
993200
828900
820800
1799100
902700
765200
773100
409200
665200
412700
1182700
401000
1354400
411000
647700
1031200
402800
406100
3356100
760900
1427900
645300
998300
839900
641800
403600
402400
1024900
402200
530100
872200
663500
974000
405900
410200
1154700
661300
505300
795900
766400
1334900
847900
2463200
518600
1009000
1500500
534900
847400
538000
408300
407300
417900
769300
505200
638300
920400
841300
412100
1488200
1222500
904700
1012300
422800
766000
2527100
800700
667700
421900
422300
534700
656800
422900
420800
666100
1420800
420000
865500
420100
548900
1002400
638700
1415600
404800
541600
405000
533200
895200
562400
911400
2278900
635600
934000
958000
3051800
607200
626800
1524000
591100
601300
3776900
1099100
1443300
743100
1228600
756800
1210800
833700
609700
1504900
411900
615300
935900
1450600
732300
1193100
2128700
1074700
455900
541000
908800
4036600
2492300
652800
409300
1007500
515300
558900
2996200
667300
3987600
1431400
607900
897800
746800
580500
1850400
677900
854900
772200
1642500
1015000
1516600
1089600
1059900
1218700
1058900
1343500
1022400
1188500
553400
420800
564200
628100
863000
1775300
1838100
972800
406800
619100
509100
1000200
641300
1004900
509600
739800
642900
745500
768800
1884900
517800
405500
1150700
410900
1294000
512800
407300
777300
636400
402600
1444200
409000
908100
740900
533500
643600
717200
407900
979000
534100
509400
614500
405000
1047900
507100
946600
1401200
508700
1700000
635400
615500
1591500
677200
859300
1275700
720700
2138700
953400
1092700
1535200
849200
1432000
1090000
708200
869700
925900
847200
837800
839700
800200
610800
567300
2155100
2978000
4229200
762100
3088000
937200
631200
1059000
1470100
621100
1140800
3649700
1588500
2293100
1976200
1174100
1260000
1432200
1318800
972700
1509500
1667700
1101600
697200
1401100
1078500
751800
1286100
936500
2898600
2459800
2100400
1870400
951700
706200
840200
926800
898900
2297200
816800
3118600
2035800
691100
3151000
672100
1054300
447300
1163500
695200
783100
714500
871000
517000
547500
416500
415300
788600
1522200
1289400
1104200
1780500
623400
1159400
1043300
793500
944300
663900
677900
836400
700600
426500
572600
574100
684800
534400
530800
1189100
426900
1270700
673400
813200
669600
936400
951400
847400
579400
528800
411600
412100
658400
1437900
415400
787000
728700
416300
549200
416300
1172700
793600
417900
819600
541700
1444400
931100
695300
2033000
1056200
699800
1300800
700000
693200
713400
1050700
851000
1222600
1287200
672100
639000
913700
1340100
610400
805800
1065800
1950800
860200
2330900
1111300
1269200
1352500
863300
1426600
699000
535800
563900
424300
1081800
1478100
1047700
943900
916700
1961100
2717900
843900
1828000
3124200
1086500
2003900
1062500
588800
2375800
928600
728100
1713100
1014600
1903700
859900
1076200
2180600
1306700
1728500
876700
1151400
850200
689600
2224300
864600
865000
1568800
2034700
1930200
1315700
1169000
2395100
740400
1743300
1156700
2057900
2992000
2713500
934000
1492900
2131100
1266000
1306100
3002000
721100
727900
1077600
1156100
723400
720700
2321500
733900
2794500
916200
893700
2876300
951900
728600
743500
1792000
1279700
1174100
1309800
726600
881400
709800
1134700
905600
2004000
1748600
1123900
1477500
728100
1124100
736100
1006500
2545200
1681600
1359700
1618000
1337900
1724900
1334500
1854600
1461700
2875900
1542000
1121200
1926900
1141100
706200
1838400
732800
1772500
1124500
1418500
1039900
666300
1442000
2069400
2318700
945200
2471900
975300
1413300
3948400
1493900
909500
1484600
916800
2557800
1016100
1291700
668900
1804500
700100
892000
1124500
6034900
4456700
1045800
2046000
1158300
2785200
904800
2303100
837600
2318800
1670400
645900
953800
1322300
1723300
1188000
740400
995300
804200
1100500
871100
4519800
3100800
760900
1556300
5090000
807300
943400
1562300
844500
1150100
659800
952200
737300
819600
5750400
716200
683700
699100
3634100
820800
608000
1650100
1500400
1089800
1917000
2003700
1431400
742900
1532500
1372600
903800
627000
1349000
1270900
2618400
715300
891300
3056500
1489100
1023200
704200
1094400
1061600
2992100
983100
1140800
1098200
1321500
701500
1125400
715000
1023700
1537000
921000
1150800
1125000
4640100
1105700
1077500
2261800
706600
6320200
1834100
2907400
2145500
972300
1300600
1723200
697400
819600
815100
1269200
667200
1258800
2064600
821200
916400
1282500
1182800
1082700
879900
2235900
902500
780600
1424300
791400
1572800
1281300
1366600
661500
3023800
984600
1751800
1532300
923000
740500
1026900
1152200
1043900
863800
878800
805200
2640500
2142400
3201200
2059600
4138900
1714300
1779600
634000
1411800
648300
2513700
1216900
1277000
1163500
3247600
3230800
1385400
670500
1330700
603900
607200
1490200
732000
1153800
1050600
1777100
666700
660300
1162300
3052100
1273400
1578500
1083600
1323800
852500
1871500
1042500
2162000
1741600
1960500
1786600
1570100
3499600
729300
1301000
1170000
932400
766000
727200
1434600
729200
1548700
983700
1136400
3393800
1605500
1160200
700400
2167500
893900
713600
923500
1348900
1529900
1097600
2229600
1562000
848800
1580600
835500
1182000
897600
2074400
1291300
857500
1350100
4154500
952200
757900
726600
1130700
2473500
3279300
741800
1415200
710900
1281300
2742500
1052000
1102400
1485800
2573900
863200
1082700
1431600
1430300
958000
1227400
1033400
1270500
1263100
723600
3924800
1185800
2693300
2122700
1115900
897000
853000
912800
2700700
1088900
1174700
5896300
717400
1134700
1428900
1439400
963400
922800
4855400
1866900
8239000
28820400
13598600
926000
1270500
1143400
692600
785100
611300
1773600
1633100
655100
3241000
3243300
3510100
1512200
941900
1776400
836400
769700
1168700
5104400
3325600
3046700
1608000
1440200
1526800
6571500
1091700
5006500
1882600
1712300
3659400
701600
697200
1111100
705300
1265400
2095000
2211200
1479200
788600
1771000
2274200
891200
697000
2795500
840400
1907300
1454400
2088700
1144700
3039000
2888500
1329600
3324600
1034100
2765800
888400
3586400
965000
2044800
1570700
2198800
1019700
4245500
1805400
896100
694500
925300
730500
2163200
4657300
1226000
1117500
2956300
1010100
962900
636100
1128500
3801300
1751200
2846700
981200
838000
1774300
979200
1128300
1324600
953100
858900
2767200
1716800
650000
1886900
1145900
978300
1654300
659700
1321300
2346400
1054100
3790700
817300
796900
1491800
1098800
984800
622100
618800
1282800
1233000
1699100
1897700
2137600
719300
3448000
2398300
2364300
1037300
3493000
2143500
1691600
3166500
888800
662700
772700
661000
655200
546400
424800
560200
2521700
1321700
2009600
1644500
1015600
1305400
869600
528000
1829200
1106700
1079700
1682100
1229000
875600
660300
1194800
419200
440400
542000
669000
670100
1023200
959400
842000
2139800
1820500
2309500
867000
2920200
844500
3960700
2078100
1547500
1920800
1065200
965400
771800
758200
691400
866900
647300
642000
1662200
710900
1151100
1106900
1167800
1120000
1570800
1205700
3790100
2382100
1157800
953600
853600
833800
751800
1105800
1509700
412900
462000
1576400
1244500
901400
561200
544500
1232900
874900
537800
811000
838300
682300
1176500
652400
2415500
1744600
2803300
2646400
797100
655600
774400
885000
726900
1098700
1564900
555500
626600
725200
1398700
885500
514500
664100
1208400
1113800
1109200
518200
1354600
665000
409700
521200
768600
668300
667400
631200
1722200
404900
870500
1191800
758800
1042900
407900
800400
537600
609500
506000
409900
515100
532800
534900
419900
538700
408800
1415900
403100
793900
870900
919500
403400
641700
412200
511700
1579500
1402300
664600
778200
1010100
408800
505900
1111400
673000
406500
909000
817800
615500
660700
533900
639200
409000
1072900
617300
810100
533700
893000
1742400
522300
1527100
646000
671800
535100
1304800
696100
1347500
576500
509900
538100
1473900
405700
408100
418400
2260600
414100
409500
658200
1485700
848900
769600
825300
1374400
805000
636000
852000
1804700
775400
874100
516400
662500
910700
577700
792600
826900
1088200
577100
410800
2100700
416000
942300
534700
2437800
594300
406000
1071300
739300
767700
532000
688000
5884900
2080800
1267500
726900
647500
665300
1308300
740000
1934000
427800
770400
663600
1293000
410100
741300
1467400
1192500
416400
1247100
559800
512600
867400
516000
908900
674800
865100
1004900
513600
693500
642300
421100
1389700
540800
704500
541500
406200
646800
1482400
1750600
516700
1429000
408600
620800
642200
767600
414100
1136800
881700
1484000
1097600
1233600
409800
769700
1387900
409700
1548500
417700
1100600
689500
411700
1232700
400800
824400
681100
540800
1092500
645500
670300
611900
413800
403900
402900
413400
874900
406100
533700
743300
409500
1214300
1238100
795600
2361200
414700
1272900
977600
698100
543100
772000
863700
405200
1384400
898600
790000
616400
1256600
664900
1621000
788600
1122500
530600
405100
1156600
990700
1678500
408200
738800
411100
665400
850600
412000
541800
844300
415600
933100
448900
1143000
950100
797100
409000
1172800
1265700
426600
1139300
1259800
835600
1779000
1151500
635500
413900
402400
1061900
1674700
1086400
761800
899200
3661900
1537200
643800
647400
533900
531400
1081800
1065500
416200
403500
834800
819900
847800
1218200
647100
1131200
405500
507000
1533500
1460700
1080100
828400
532700
977500
746900
2381500
587500
517300
753900
633900
539900
1370900
610900
4823700
816600
409400
1658800
2909300
1290200
512400
540000
997800
1033100
739500
405500
1099100
1156300
804900
1515800
1586700
533100
531300
929800
899100
1671400
984900
508900
633700
937200
612800
409600
411400
781600
530800
578300
607300
776700
1184300
1355500
971700
1562200
506900
1294600
736600
407700
408500
405300
662500
415600
408200
769000
1397800
660700
814400
617100
822800
906700
403900
401800
400800
416700
733200
791800
551300
406300
511300
863800
778400
907000
1127500
996800
548500
535900
645800
500500
1562300
538300
539900
401700
1234400
686200
414700
409000
524600
562800
1562200
1492300
1288200
1028900
1017800
542400
1014500
406100
409400
974800
404600
403700
413200
1058600
1020700
730300
414700
787400
429900
403900
514000
606400
441300
1147300
786600
615100
508800
513300
769500
1029000
510100
866100
1230400
1659800
614500
998900
406600
619500
408300
633200
1757800
1384100
1505200
412000
811000
534200
532100
873300
779500
664200
1049600
703100
423800
1748300
515800
407700
410700
1696900
997000
754200
543600
405500
917800
1487600
823200
2200000
1042400
1410800
510100
772000
549300
3188500
408700
579800
958600
885200
2890500
1336000
842000
915500
1112200
1136500
716200
980800
618400
887600
1052900
1958500
1030300
746800
409500
713900
1933100
2037500
1282800
403400
735600
409000
570300
938400
2368400
1128200
1441900
410100
1831500
668000
2816300
551300
902700
721200
408000
534200
532700
1163200
690700
407800
1124900
959300
1199000
633300
882900
946600
640100
1440300
1727300
1774400
1362100
1308000
1002500
996000
1391300
506000
405000
408500
405400
1201200
668300
407800
846200
403800
412400
751700
1034100
778500
403100
1296200
768400
645400
543300
873700
869800
1536300
543900
404100
1538700
711700
745500
715200
404200
405500
410400
412900
1213000
1118600
403500
676400
410200
609800
1232400
642500
897900
935600
551900
868400
536200
763500
900600
770300
1109600
865200
404500
512700
609100
541700
412500
553800
404900
842700
411200
538900
766800
511500
1259500
513600
546700
876400
1280300
508300
1441900
404400
1562400
862900
797200
509500
1597100
1311900
880300
1039600
1076600
884600
3101100
1780800
3810500
6091800
2048900
745900
808400
1024300
1773600
1302000
1546600
4044900
980000
1595700
707600
1126900
3206400
1420200
2404700
1333600
983700
1617700
956900
1243600
729800
1402700
1460300
1102000
992300
746800
780800
2924700
971500
776600
788600
1160100
1483200
725300
973700
716900
1103700
1487600
2735300
1287300
1161800
1545700
1754600
966300
1472300
1409700
1970700
1715000
2683900
1227600
2762000
820300
1051800
4530400
2512200
1295300
1893800
4755600
597100
764300
724500
4225400
1136900
989600
1837100
1126100
748600
1196000
1178300
1980400
1220600
765700
2674900
2421200
911700
1010100
1348700
1349700
736000
961400
1283800
1618800
989500
945700
2062900
703800
976600
769800
783800
968500
1349700
1645500
1591400
1690100
4035000
1595100
2018100
1353800
1474600
1082700
865900
978400
871700
4602200
1151000
1266400
2712400
4072100
3217800
1013600
5189700
1338500
1450900
675500
1042500
1665400
17945300
1179500
641700
2723100
2360800
1580100
1588200
1830300
3239700
2019400
836200
1370500
2882800
26554400
2797900
1296400
2282400
753200
1188600
2915400
1516400
1040100
1366400
2180400
816500
1761600
1538200
2284000
792400
901700
2331200
2099300
758400
996900
1075200
2133700
1359300
1189700
1414800
1031800
672000
828000
1004600
798200
740300
1297600
862600
990100
1096900
3588400
2021300
723700
817200
860700
5022400
1459700
841600
889400
1800300
1877400
1738200
768300
747800
745800
2325700
1047700
1318700
460800
553100
705400
2113500
513800
559700
536500
1279500
748300
1619400
2048700
2054800
1967700
856700
4071700
858100
866800
2928800
452500
837500
1710600
533600
538200
1052100
426300
675400
559800
425900
429900
534700
1072100
1294900
559700
1140300
778700
430900
427500
735000
802300
537800
1239800
423000
428200
534300
566200
425100
666600
428500
669100
428700
424600
424800
702100
423800
701300
1081800
1297200
429600
425300
638600
1053300
434700
471800
423000
560900
664700
671700
651300
434600
984600
555700
1448400
527500
1035800
927600
632700
945000
1189600
542300
1149000
421800
774400
421800
1077400
820400
776400
4860600
2313800
1021000
1168300
1281600
4909100
3954600
1315200
705900
1034900
3229900
1019200
425800
1492000
1456700
813700
532300
520000
676200
1756200
37854200
2549400
1196000
31109000
3434300
849400
4882900
1121000
1150100
951600
675600
1784900
4500400
14893700
697100
1010400
1168800
1450000
589100
1098200
573300
1291000
1051000
762400
1277200
1639200
969700
1275400
1053900
1420000
1503200
1030300
1092400
1065700
4479700
932800
1043400
647000
684600
657000
1051700
861800
1597200
2626100
668200
647200
1528300
663200
842400
795600
1234400
1297300
719700
907700
1054300
845300
759300
1552300
743100
1272500
1269100
857500
4195400
958600
693900
850700
1427800
3317600
676200
1535700
789100
1106200
2506700
792000
1167900
1275300
683500
2290300
1202600
2472000
2704600
903300
696600
837300
884600
692000
1424000
1443600
786300
723000
716500
1692800
1984800
2072900
4580000
719400
1135800
1754500
2559900
2489000
979800
974800
6263100
1027800
795400
2091700
1049800
4846000
3370700
7996700
743700
919000
9393100
1929100
1234500
704700
1297800
968800
11247000
1418500
4324400
2036100
5287800
1501400
686600
715500
773800
3276700
2308600
1008700
966900
734200
973300
2599500
736800
3327800
5031700
5548200
715700
867200
1200700
3031000
1301400
3085800
4453400
1843100
2015700
2043000
669800
1475700
1111600
1120700
1882900
812400
796000
998600
1187800
1248100
1720100
1737100
1758600
951100
1860400
1272700
885500
2830300
1000000
1551500
1186900
724700
2961700
1229300
1842400
910800
3938500
941900
3381600
1996500
1426600
1591400
1938000
995100
2802700
874600
878700
730500
1709900
707600
740200
1841100
2381700
1238300
815000
805500
723400
757500
1488300
3258700
1017300
748900
3774700
3532600
9163100
1276100
7308000
834300
8987700
1919900
2417600
1368500
960300
1299900
698700
1685100
4470700
3238400
2251300
943700
10242200
3501500
3023300
901500
932100
1250800
1367700
3228000
1257200
540000
422900
730800
529300
1036600
739900
1732700
4215100
420100
656100
548200
1117000
1128100
999400
1046800
772900
1144900
819700
1052700
658700
417000
2968100
654700
524600
1449400
410500
1242400
1646000
508800
1574500
824300
2084400
544200
1106100
425700
414300
994400
658600
888300
651100
528300
919100
407400
412800
865900
402000
406300
645000
871000
632800
1071900
1157600
410900
1135100
1331200
539000
706000
420000
556200
913700
768200
430600
1602200
1530000
1239300
1155400
423600
414600
832800
647900
1016400
1999900
541300
424200
636000
1553100
664800
432500
2142300
787100
811200
1078300
1068900
429800
424200
1238100
578800
1144300
741800
1137000
1404800
1399400
428600
663100
948800
684300
814800
1053300
648300
923200
1971400
840900
603000
583300
874800
2261000
800200
416900
965400
425500
696900
959600
549200
418600
1336800
1685900
426400
555500
427700
1153600
1493000
889300
608000
427500
432400
527500
682100
423900
776100
533200
422300
935700
672500
427200
551900
1932200
948200
694300
433400
438400
575200
745800
536400
697900
589300
1700800
1817800
1257100
572900
998400
624500
408100
408800
879500
536100
768700
413900
402400
403600
865100
1183100
722300
1096500
2134300
406300
920700
1732700
406600
1023900
1077000
533100
635000
797200
1410300
408600
743300
505800
643300
1185100
442500
1280400
402100
947000
548200
412500
549700
656200
545000
654700
827600
1053400
547300
527900
660600
520700
1134600
782600
1838800
412000
670800
419100
2021200
837300
834900
1821800
1892900
2204500
2528700
1658700
2088700
1315700
1025900
699900
1682700
1722800
1079100
2480700
1299500
1521000
2217600
877500
6352300
777700
1273900
991900
4053000
4023500
4132000
1180400
883100
1763000
8217000
6155800
621000
2441500
1126900
1087400
1725300
1364700
659000
16132200
2903000
11750000
727200
2433600
4790400
698900
1117000
785000
770900
9396400
699900
1575000
981500
779000
1633900
1059800
1281900
745600
666500
1116600
1874800
1404600
2061700
1430100
968200
2160500
2110900
993400
2942000
953900
788200
1415600
1277200
996200
2233200
2176400
1144700
2785100
1077800
6755500
5481200
732200
1752500
12448600
7245700
995100
2318800
2136700
728300
1589100
5024500
3252700
5742300
914100
1446700
1410200
961700
1200800
1696200
2300200
4702200
1383900
5114300
3730200
3063500
692400
2259600
984900
12168000
3406000
2624700
21633700
2492600
2329200
1861100
1228300
788000
4813900
758400
2315000
1259500
824700
2742700
2380200
8765400
4001800
3302600
5704600
2594300
3533700
79547800
3899100
1484800
4649200
1464700
1644700
860500
848900
763300
1533900
4950400
3713100
1654000
1074700
3958100
2555200
3788900
5784600
1601900
39883700
828300
1319900
4196100
796500
1213100
1428600
793800
2083200
1023000
5249300
7038800
3173300
9575300
1182500
1379500
2559700
854800
848500
2103900
966100
1216300
854000
913600
2414100
2355100
2906100
3091400
2128700
2756400
872700
1131600
2406400
1337800
5006400
1371900
1126900
732900
3313300
917500
918900
722300
491900
473400
623800
595500
479900
630900
751900
1209800
615000
734900
1774600
987200
457900
2241800
862100
1271600
971200
847700
1861600
1004300
1358400
851300
612000
757400
2060100
584600
1045500
2140900
877600
986400
1051900
616000
606200
729500
469000
974700
1328100
466700
1307000
478500
848600
1497500
705000
1394600
466900
1440600
466400
1325300
461900
620500
465300
460400
463400
1040800
877700
710600
582400
2422100
586000
614800
473400
574900
2756500
1005500
1174300
2925500
3795200
1027700
1885800
1765300
1181400
1537100
3903400
3338500
458900
915100
1825700
797100
594500
717300
580900
1138100
1488900
862200
453200
449000
446500
613200
1453000
1671600
2370700
1860200
2324100
450900
712400
873500
447400
2002600
1137700
1141600
446900
712400
2062100
455600
1691600
1880900
450800
573900
829300
604200
521500
455800
992200
562600
588400
882600
565600
1214600
3712100
1201700
450900
1043200
936100
545800
448500
692400
1315500
545500
570100
435300
575300
1792900
578400
435300
696500
676000
1036400
825100
574800
439400
552800
805900
441400
1199500
1252800
1971600
548600
961400
1072700
547700
442300
550400
944900
1094100
440900
560100
542900
545200
433100
969500
1273800
450700
551300
578600
975700
435900
1071300
968100
435800
563100
2127400
1071500
542000
442900
800200
664500
1349600
435600
2407800
1082500
438900
550000
1487100
997100
1503200
434100
711000
432000
1184200
428400
1461300
915200
807800
560900
539200
564900
531100
1799800
3459600
1115900
870400
1568500
1603600
1079800
422700
1189600
530900
1159600
921500
669500
427500
645600
2318800
803200
785600
439200
485300
952500
814600
1137800
1147400
441100
1411100
1291700
452100
1296000
672200
559900
1409500
916200
424500
535300
1200800
1639900
611600
630200
1183100
579900
731000
1501300
1323200
1110300
3406000
2618900
836100
1133600
901400
1523800
1868300
720300
1769300
1825600
741000
2283300
2371700
1789900
3625700
3564400
2906900
1817000
1146300
1179000
605400
1520400
949400
1133800
997300
604000
553600
452600
1592200
591400
1048500
436200
453800
432100
1345500
725900
577300
798300
1241100
1430000
2170800
1479800
1852100
585600
578000
549600
945900
556100
976400
441400
441000
441200
442200
573300
550600
442400
468600
827600
804500
1578200
553500
2300500
1127700
2926500
745100
1027200
985700
856900
869300
441700
437000
2157100
1213300
574900
436200
1634000
827800
981900
2745300
946500
1311100
1971800
1267900
564600
447900
581000
442500
953000
581200
448500
696800
579100
835200
947700
1606100
1009800
586600
582300
686000
776600
717900
1227600
588200
724700
1198600
564100
1516300
433700
693400
1584100
437600
859500
1297800
727700
948500
434100
2146900
803000
441600
435900
548400
699000
717000
579200
442400
1711400
947500
918900
563600
707600
714000
427600
651100
564700
1033900
615200
730900
571700
428800
572200
1062300
540100
996700
425100
1068000
1024500
429500
426900
431400
1132000
565300
950300
540400
1517400
571700
1026500
766400
804700
693600
1054700
1171800
783700
820500
3104700
850800
563400
1349300
426800
812500
433000
430600
685600
1211900
422400
856000
680400
1281200
951200
432000
787600
859200
548000
560600
427900
1474600
733800
1017300
633800
1049600
437000
932800
1593500
1842700
2530400
776400
1602400
2369400
1788300
1749400
1740200
579400
1518500
777400
4409100
782300
453800
829200
1655200
745100
3088000
9142100
753100
921900
802800
4263600
2887900
2676400
1518700
3573300
1653800
1026500
1250800
747800
2662600
990600
3636600
1049600
1675900
1113400
894300
857000
1696300
1636200
873600
1119300
801800
8479900
1856900
1645200
1566000
748500
1750600
1351900
743000
2138900
3781200
2533300
847300
1345300
1712300
1303700
1605800
628700
1150800
1495800
776000
3331600
2075300
1556300
1186400
5127200
771800
1117500
3393700
1444400
1149000
1227200
2463600
1765600
7890100
3430500
824400
2496500
2676400
1895400
1187100
3390500
2857300
1380600
2670500
1106900
4985900
3365100
8484600
5217500
4882500
1139900
1390700
2269100
17607800
3210700
1713500
1787900
1178200
968000
3452900
1995300
1932300
964900
1538500
1141900
89041700
3363700
1088500
789600
898100
2434600
797500
3520900
1511900
962600
5633500
1227500
1001700
739100
941600
1016600
1387100
1173300
779200
760100
771000
1754500
4940400
3821400
2288000
814300
1177600
764200
3439800
3757600
1572000
762300
750800
1457600
89811500
1939700
1138200
963800
893700
1153300
640600
537300
1024800
62438500
1825000
903400
1544600
1775100
7833400
4143900
73480400
875000
3057200
1058400
1977600
4947400
2312600
1129400
1527200
831300
1511000
1291800
5957800
862300
4161700
1801400
3675800
832500
2503100
2251200
2530400
14867400
1834200
820600
1281700
11681700
1173600
5399900
13601600
3248900
7670400
875800
901800
1283800
2827000
2627000
12627600
1472000
1161000
1308900
10899800
8703800
9814500
3777400
24713500
1439700
1464400
4376900
1603000
1104000
841800
831700
1150200
861400
2592700
8967600
822200
1745000
1461300
5885800
4079900
11278400
1614700
5885700
3004400
1971700
974700
1745500
2047600
2306800
8638200
2867900
2988000
1039600
1288700
1225300
1172900
978500
4804800
1437100
1212700
4267400
8056000
1041200
16940500
1495300
3954300
6031700
1050400
1261800
2015500
2446400
1317200
1428700
3342500
845100
2465700
878200
6907200
6438100
3638400
69276800
1650200
864700
10029600
1006000
3110400
1269700
2104200
1490200
15391500
1625800
50273600
1042600
803600
2162700
1900800
744100
713200
2015000
1505100
4838600
1703300
2007500
1906000
1034800
1112800
14660000
1611000
2211100
1072200
1959300
8707000
1554700
2207300
837200
1105000
821700
1032600
2904000
1599800
1087200
1550800
2254300
733800
1399100
1023800
2788500
1977100
749900
1670200
1455800
1362000
1214700
1458300
772200
975200
3055000
1432500
1959700
1595400
2906800
825700
751000
1284400
868000
2796800
5433600
14857800
25328200
3984300
9362100
5733100
5901700
5046900
700100
1252400
2123200
1884300
6271200
1161400
847300
1005600
3335600
3890200
2884800
2000100
1014600
1109800
882400
1400700
5494100
1352100
772600
2047400
1752500
2735400
1484700
739500
2616900
745400
1220900
746300
1032900
855000
668900
1048000
720700
1314700
951600
1644600
1449600
10390000
3497400
1491000
851400
1712700
3173600
2881700
5121300
27098300
6084200
1530900
1257700
967800
924700
1126400
1131200
4182400
1264400
1701900
1253800
5954800
829100
1079600
1212200
1232800
1239600
3624300
3538400
2911500
845100
834500
1783000
1890100
790300
1505300
5599900
894000
1026100
800500
811700
998600
1292700
1079100
2018600
1735400
2649300
2577700
1497700
1264700
971100
942300
2140900
2550400
1004600
967300
3321800
873700
1064500
1709700
785600
1053700
2979300
2927300
1488200
2249200
2010900
4666100
1881200
16304800
12005900
755300
3039600
2956900
4187000
1389000
910800
14486500
795400
2892900
4018200
888700
1272100
12152000
807200
1274600
7208600
5835300
869800
4496300
16125200
1279600
1511800
10653900
2844500
6338600
2600800
2881400
1637300
751500
1182400
1098300
2161900
4119900
6269200
2002200
5280500
4936800
1645600
3926900
2806500
2915300
2697600
5272100
2973500
877000
888400
1997100
1985000
3159000
7290100
6135100
3805600
1857500
1950700
6908100
10541900
902400
1459600
833400
846800
3970800
2104000
1218900
1156900
624100
1173200
1817400
502100
1886000
481400
624800
749700
637700
1175600
629400
1316700
481900
2751600
472900
1019000
603300
473700
1566300
747200
600300
593400
988000
1031300
621600
474600
1385600
4116500
2378700
459900
628100
485700
576100
885300
580100
583000
1002200
462700
611000
884600
608700
577500
3893700
999800
945300
966400
463900
843200
752100
616600
938100
618400
697400
1401600
582600
588000
822000
575600
1591300
1016300
629100
1158000
579900
585700
613300
595700
1426600
1440800
466100
735300
1037900
1052500
2002100
711000
1928700
453900
447400
1910600
562600
453100
599000
1637200
449300
447400
934700
677400
856900
1104500
452800
1028600
447900
1136400
449100
2303100
1030400
2504400
1897700
1188800
2267800
1146800
2230500
1137100
2189800
611100
449600
1490000
588200
816500
756400
639600
1318300
1024600
451100
1806100
837400
1264300
833300
710900
988900
979200
972300
578500
1138400
829300
824500
1785400
453200
452500
568500
1819200
1094500
1998200
1470500
1468700
602700
593200
2854500
567300
1629300
1053400
1142400
451000
771000
971400
453500
684700
563500
596500
444700
438500
812000
1052400
711700
912600
1076300
971800
434800
434900
1855900
1236100
1139400
1098400
1074500
1411000
733600
952500
435200
2064900
438100
441900
726000
436900
691600
726200
1299200
1634500
946300
693400
843100
695300
1115600
836900
962300
716900
864200
826700
949700
554300
785100
1509100
444700
1325600
1809400
548600
582800
945000
809600
781100
438400
567800
579100
546400
434700
1380400
1334400
1519900
573300
854000
714800
697100
918500
1632300
2942700
871800
824900
715800
2157000
1553900
442300
1205800
460300
634400
548900
699300
663400
830000
1673400
1218400
578700
1365200
439300
1465800
1202100
897300
580400
436100
433400
893000
659900
1984000
590300
920700
1057200
538200
432300
566500
426100
1329600
641400
911100
649800
565600
810500
435600
1160800
842000
805700
669900
750400
804500
890100
431400
426000
1161700
828500
2497900
2385600
1102900
591200
968000
1439400
813300
584300
1296800
1109300
1405300
427200
1619100
699600
830200
723800
535500
558900
565300
432200
429600
844400
1131300
640200
914300
801400
776400
565700
560600
941400
671900
858600
1295600
1134900
568100
3728500
563400
537000
434100
1204100
782600
565100
531800
812400
1568400
572400
669400
425900
1219600
704700
1283700
760300
1688500
1631200
1179300
1063400
870400
664300
791800
1611100
606600
863800
948000
798400
409800
649900
1788000
417600
764900
1071100
663000
551600
416700
553000
1614100
422100
662100
422100
979100
425200
653000
1050800
2643600
1105100
924600
548800
889000
789300
813500
789800
1846600
551200
546600
523600
1062100
1074700
898700
415700
1546000
720300
549900
1326800
411200
417600
727700
416100
546900
825400
421900
876500
551600
766100
2139500
820000
1618700
657100
415500
1716500
962100
537300
758800
861800
687400
421100
652100
1592100
548400
528200
664100
951700
424700
415600
653500
421200
787300
677100
693700
680200
894300
921500
1296200
868900

mean: 1301925.41 ns
standard deviation samples: 2574738.5341403596 ns
standard deviation population: 2574609.7939950684 ns
total time of signatures: 13083105400 ns