186600
165200
250800
266901
187801
178500
164000
201000
169800
164400
235499
160800
161300
232501
224901
186800
170600
146801
147800
353900
3541000
1983300
432200
1159400
284799
204199
345101
145700
195301
142800
208900
127200
450301
185800
181500
234900
266200
228700
199100
179300
152801
136699
141300
161300
309700
158200
216599
327700
161300
160999
171201
156400
156601
196099
145100
197501
139000
233300
427599
165900
170400
171400
180401
166499
154800
156401
153200
239400
195901
149699
129500
190800
165600
156900
151200
139800
138300
141300
145100
139701
142800
153000
152400
164700
150199
147500
163800
209100
633300
154000
156900
152099
155300
350400
223700
204701
148900
174100
144200
139800
137200
141600
174000
162400
149499
174300
157500
171600
167600
170101
169099
179601
250300
174200
161499
154400
161300
175200
725999
180500
157099
248800
378200
237200
174599
162401
1468500
358700
210401
171400
163201
207000
206500
153299
154800
173000
160500
252900
1141400
364501
201800
182300
278100
185000
181600
165300
5177000
1087901
297199
168000
175700
156299
160800
144499
170900
163001
1258400
185800
136900
144900
145799
168501
159700
167201
583900
178900
170500
162900
162800
155800
180500
177600
170600
1156200
205301
4045900
291399
180300
192900
159601
152499
183800
177900
185999
169601
154599
155800
162200
159201
157299
1357899
1359100
185399
129899
124801
126301
119801
124201
128400
241501
206400
176600
140600
201799
158801
154000
158000
150200
161000
175599
174400
173300
167000
173700
167701
157300
168200
238900
190801
170200
221200
195100
163300
149200
162000
153500
328500
165300
215099
171100
181300
168801
303600
344800
138100
138800
164700
185800
193799
182300
184300
433600
198000
158600
151400
168799
407899
178600
165099
176500
168000
165200
181100
166700
161600
6477200
296900
274900
166700
208200
193100
166700
164600
156701
177000
216501
880299
170900
165300
164199
161200
485599
398100
179200
161199
137901
362600
183300
2461800
357699
215500
189000
161101
139399
150500
140199
147100
186000
176699
141201
160199
208001
173099
156400
157901
156799
164900
158200
183499
179601
163600
169201
2573400
219001
198500
150000
141899
144501
150500
164100
220100
146500
153999
149500
179800
157401
150400
147200
165499
164999
146199
163000
155500
164800
453999
310599
1665899
674900
389800
252900
164900
2814700
213900
180000
172700
167401
245900
188800
1208500
189401
429399
185499
193599
416100
178799
188701
174600
181500
173100
647001
188600
437201
238300
518401
178100
171600
169400
194200
467200
165801
181800
171200
189300
172499
343900
186901
174400
200200
205601
186399
174100
332501
233900
227300
190200
198400
173900
220601
195700
654599
328500
189999
168301
225500
192199
165799
255800
175200
173400
175200
181299
169401
185300
163699
189900
173401
191899
206401
174100
177500
238400
214799
1016700
213001
2714000
227601
180600
171699
162699
159000
165600
165901
179700
200899
189200
179399
215601
183200
173801
241900
157900
357900
179400
184699
184700
185900
191600
206000
187699
180199
185300
174300
177900
181900
182000
201101
208101
257400
191200
161800
937599
261800
290801
253700
211200
490299
203000
191301
175799
189199
191500
170900
173000
172001
177099
209000
181599
177900
199300
194600
4704100
236900
179299
176601
171299
181500
180800
181101
177101
183500
179300
180600
176800
182900
186700
201600
193099
178299
194800
193800
180601
181499
180200
178800
182199
167299
160000
175099
166199
172299
1061800
545800
750400
202800
240300
262301
189801
214300
473801
621799
179901
735901
1742100
207500
183199
185800
165400
161999
176600
166401
206000
182301
165100
159401
192900
181201
169600
175400
165699
168400
172599
167899
199401
190100
419301
481199
186300
192701
179601
193900
189900
178500
189900
206899
213900
203400
179299
177600
179100
167801
165501
213700
187900
188801
211100
180100
174400
184900
207000
194299
172700
164100
156300
192300
188199
306500
286500
871000
196300
837800
1743100
369600
158600
781600
268400
199200
213100
492601
661399
222200
196800
193300
202200
193700
184500
200600
167000
171201
190400
187600
189900
208600
200500
180801
177000
176999
192300
190500
191100
196300
202400
198600
230000
213001
224700
173400
186100
177800
184901
190400
166401
180900
181399
187799
208199
187200
175901
191499
186499
194999
202000
211799
220700
198899
185700
179099
175001
163900
178300
188899
514799
218200
161001
177900
177600
176700
211499
177600
199800
203100
216101
198200
220399
175099
188399
175200
343800
262200
211699
202000
245099
222500
222001
189900
194100
213000
200000
201899
219200
183000
214100
241599
187899
172601
172801
219600
216400
210501
182199
196300
195700
220200
202500
184200
209601
206600
199500
206200
221599
215400
208100
199101
187600
196601
226799
216900
213700
534800
461600
410200
208699
229800
193199
191300
184300
696599
499800
171400
197100
180900
191700
2945901
283100
347500
305801
226301
506101
750799
180300
359900
259001
171801
163000
169000
144701
183600
169701
163700
165501
153700
189900
175000
165500
168501
174300
156300
166199
174801
168700
171200
155301
167600
171400
161800
302900
165399
168600
168201
176799
179201
180699
154801
166401
167799
161401
168701
161501
179501
164899
182800
166501
165500
150999
171101
164200
209501
169300
159800
168400
175200
160700
154600
156600
169900
179600
178300
205299
183700
161101
573399
193400
159700
147200
168200
159301
167501
165100
167200
176301
172400
1451999
210900
322600
172999
522201
193499
366800
1213000
187000
253500
179599
450399
207999
764600
651400
177101
168100
201801
205600
194400
265400
164000
409399
179699
446300
165399
151000
5928500
819001
442700
177700
228500
157400
150800
312400
155799
149900
509700
200200
179000
157500
160800
160800
152999
6353101
254400
176399
180800
3015100
214600
159100
150600
146801
170400
328799
156101
152001
211300
415700
343899
157801
172900
166900
160400
153900
502001
157100
171301
161800
172800
144301
153001
143000
150099
160300
146900
134901
189801
185601
151900
160799
173400
150400
212900
170999
172200
202700
154200
171599
2654900
242300
166400
147201
780900
215900
183699
190199
225000
156301
402601
211001
344100
281499
164400
184000
324899
556201
1503800
354400
5879401
291801
200200
208900
158701
239500
156299
170900
163401
157400
135500
148599
141901
158800
146000
141100
140000
195199
170500
146001
163000
126099
147501
151400
147801
160201
168801
158500
238400
176900
177301
171700
153600
309900
211300
382399
358800
184800
164500
173099
164800
177401
170299
176200
174601
187800
192600
186000
172500
162001
213699
203800
179400
220501
599900
230200
198599
183899
180199
168900
180200
179800
176700
179200
211400
171700
4674200
249700
152000
170300
148300
161700
165800
145700
150599
150000
144901
164800
168900
176000
168900
142499
165201
167100
172700
175801
188100
149000
157900
125601
132999
193699
172800
212801
212801
162201
163100
336199
163001
151200
154100
189100
188099
156600
186400
193100
182199
377000
137201
140800
209899
145001
140400
149600
549599
232401
140700
132899
134200
119000
132200
130400
228800
152100
256500
171200
163300
160499
149900
145300
174801
168501
161399
158500
166100
160100
150299
155399
159601
166299
157800
154200
171800
182901
202900
188300
174800
164800
175300
175100
217300
176200
168200
173700
174001
171800
146501
139200
156099
168199
163800
148801
139901
146301
160100
170100
207800
252999
189699
216500
261200
199799
180199
164401
160600
172199
158599
159799
153300
152301
162100
167700
142600
233299
115800
114500
98900
99901
104700
97000
91901
94000
109200
99701
101499
96699
95200
191400
180199
208700
206800
173900
159900
135599
113301
97701
95600
95800
96500
95300
95300
94400
92700
97700
95499
136700
100700
92300
96600
113201
113999
102699
103701
102000
96399
95901
95400
95600
91599
136601
100999
106801
110700
99000
99900
95501
95900
95100
96400
95000
95600
95100
100900
100900
94800
93101
96300
95699
94701
94999
91400
95400
95300
94899
94701
100700
92400
94300
95000
94099
95101
91400
106400
98500
94401
94701
92201
95000
95400
95100
102101
98701
92400
96200
94900
99200
95600
92200
95201
95800
106400
133999
106700
92300
96101
95901
95200
95600
92999
95300
95800
102200
97901
97700
109500
159800
179299
181000
180200
170600
158199
171400
168200
158000
144801
177601
155600
116700
99201
96100
92301
97000
95399
96001
96001
92300
96000
94899
95900
96199
97200
101800
95800
95200
139401
138101
108700
99699
95100
95400
98299
95500
91300
95300
96701
95701
95500
93101
104000
96700
101400
102200
94999
92000
101801
116700
187600
144800
172199
168001
170001
172699
170700
171701
166300
171600
188900
178000
176599
182301
181600
174899
172300
173400
172400
166699
172500
181000
174500
174400
172301
166900
172500
173999
187400
178999
169300
181201
184599
184100
184699
169800
169400
177600
163800
101999
97400
94499
98400
98900
98200
117701
133500
161900
157300
160600
156599
159000
155100
182700
169800
164301
159100
158301
162900
177200
157401
165001
170701
155900
161200
159200
213100
166600
153101
171600
164300
173500
186801
179099
161599
157799
172301
173700
184600
164100
168900
245799
180601
173200
595901
157901
166400
165100
446401
295600
212300
621201
188300
151900
142800
137899
133400
142399
155000
143300
148300
141600
156499
447700
231600
185500
171000
183600
190499
181600
180500
190900
174601
351400
215301
192001
180500
171600
221301
474800
176500
181500
177200
168199
164100
349601
167401
229300
135300
401100
183699
392800
181700
182000
163200
168101
404000
184000
173299
147300
159500
177999
161200
166600
153900
159100
165500
172700
167100
160400
162101
187000
170900
178000
171499
164200
168100
170900
172400
175100
174999
378200
207700
231401
149200
397000
182000
173401
178700
165600
176700
175200
164500
157599
158000
173099
168299
156900
168500
167100
176399
164200
161800
150300
164300
164800
172000
182900
160900
168699
178099
177200
164101
167999
157200
168400
836699
200399
190000
169400
197299
310001
444200
207600
211300
210200
166500
159500
169100
125900
123700
108200
103101
101500
102100
97899
105100
100799
100600
101900
98200
94200
99201
108300
102000
102200
95600
101599
102900
109200
107301
102900
96400
101800
103000
102999
101100
95000
101600
102699
98900
98900
98801
101100
99500
101400
107000
110700
561099
119001
109601
107100
103999
104700
106700
108100
413199
212199
194300
150201
213100
207700
202600
181600
168901
178100
177400
183401
196899
198099
171300
187400
193301
202300
191699
182900
190500
188100
195099
300800
170300
123600
136100
138800
153299
168600
156200
168801
208101
622599
269399
169000
164100
1520300
663600
198100
167900
157301
844100
251701
159300
147900
164200
148200
167600
167799
180000
180401
174200
175799
166600
156400
147601
95801
93300
101799
101100
104500
101100
92099
542501
141800
105700
103501
139401
153800
172101
229300
240401
297800
147500
287801
176701
164201
166100
146900
155400
167899
158799
158401
156600
148601
168600
161001
157500
163199
145799
158700
145999
145600
140900
145500
142800
142100
146100
155700
152700
152101
147601
145699
148701
154299
165299
155299
155099
153000
164300
157800
172700
152700
151601
151800
151200
379400
192299
254301
147100
463300
208400
167799
147600
149900
607800
177000
153100
154400
171800
156101
307201
377800
187201
163200
161899
161800
161399
158600
172400
169799
185199
176599
168099
338400
177499
163899
165300
156899
418201
193301
220199
207000
234299
218801
157300
151301
134800
146200
153400
158599
151501
151601
151900
139600
149400
151401
162500
174200
143801
141001
142800
156399
162300
156900
160100
160201
150300
159999
165101
156600
154400
155901
150400
163800
170400
155100
157200
174401
198500
168000
163100
157100
160799
155900
388800
281301
176400
250701
183100
139400
145600
155800
146199
145899
145000
145501
163299
145199
446001
179200
159899
361700
157400
146300
460800
152699
150600
142301
141400
139100
150900
138800
135099
140001
137900
146600
163900
150599
145000
150800
150900
195400
183800
180300
178600
186800
313100
199900
156100
197399
172400
128700
266401
176899
169600
189700
168500
167800
174600
168500
168300
165999
168000
166300
171699
171200
167200
166201
168499
166501
173599
168800
173099
163099
166900
181700
166401
167000
164900
165899
167201
173700
163301
169000
166100
167101
171001
326800
205500
150501
221200
137199
226400
182600
173800
203399
172200
170301
168901
169500
170400
168800
165500
165100
167200
165799
168000
175801
166899
323000
223101
166000
152299
384599
178101
157000
152700
143000
163099
238500
174100
162000
168701
641600
177101
159300
1819900
243299
163900
155099
157901
160100
153300
152999
174099
146900
146800
161500
317000
161800
140300
211400
167100
146800
147300
184599
3809400
300000
182800
153000
150599
150700
150400
175700
146800
147101
147900
144299
140600
140701
141800
146400
142800
153000
148801
150200
146900
143499
152001
156600
150400
729100
185200
174599
147100
133501
3700400
249800
465101
203601
522999
229200
155300
172799
151200
151200
156900
109101
121500
137601
141299
143900
160900
157000
159500
159800
157800
589700
172700
146600
148400
349900
208701
257400
155399
202100
144901
140699
141500
147001
152900
156500
168499
155400
160099
152099
150400
150400
151099
148200
148300
148299
149800
152600
151399
150101
152700
173900
156300
157900
153500
183600
224100
170201
163099
162599
160701
159001
173499
1165200
192701
157500
1959300
185900
167300
442799
227000
307600
436399
186900
165300
173400
128600
123001
125200
136400
126700
124800
128000
197300
295100
224100
169800
699000
171900
162700
161199
163399
170600
272500
185100
161101
221200
130799
186501
161000
164201
161100
161500
160701
160900
169001
161300
162600
160500
159800
174499
163399
161499
161300
178699
162699
161100
162401
162200
162000
163200
161600
171900
169800
174600
168399
170999
170701
168900
290600
162600
171100
167799
179600
182300
154801
1405700
194400
157899
310400
510200
162001
335900
198800
221100
440300
178000
161300
148900
150200
149400
170601
163301
167500
159599
160300
181401
162600
160200
153800
162200
158900
155300
158400
152700
151200
350601
209999
140099
151300
156601
170299
392701
206300
253199
139800
163300
185399
180999
170099
166300
204100
180299
203699
169100
168999
167600
168400
156399
149200
143899
149200
148999
165100
150501
151300
152100
148300
149100
154000
182800
165200
152899
155200
155700
149200
149700
146900
149700
138401
146400
146299
159000
150500
171501
157400
153600
167600
156000
1884500
182599
130201
352901
149300
127001
178600
138499
619200
150700
1080899
174400
168801
171699
150400
150700
151900
152600
149400
3257800
3638301
245000
694500
189600
152200
151299
156500
158400
389000
224900
196801
235100
157600
172600
144999
148699
314100
234100
160300
134701
138101
147700
367001
158500
135299
145199
152000
147700
224899
160401
150500
147601
150700
159300
155299
826101
180700
146000
1062000
176300
4631901
195700
170700
199800
163900
149900
148600
139899
143700
143900
142601
143200
157200
169300
151999
142800
139399
150600
142401
152100
151700
156100
161500
139399
150799
319901
169201
164400
164201
172599
2183799
244201
695501
178600
186800
420700
154001
134300
157700
160300
306400
163600
160399
153599
1693900
393600
230901
167601
152200
147700
175000
159200
159800
141000
140900
141300
142300
140700
144100
142600
140900
143700
141400
143400
139801
163200
172300
138700
151300
150400
147700
160401
137600
171001
314299
181201
143999
138900
139000
144199
144000
150700
145799
143100
139800
154001
149400
144100
154199
166301
149400
166700
152400
150100
147100
137600
133601
130801
130300
142300
145701
143800
163300
150601
144700
150200
148400
148400
149800
145101
144800
165099
133700
154601
446599
174800
141500
125301
131300
128100
340401
144600
159200
140000
357300
153301
147001
145300
143300
133800
152501
132700
215999
162999
634700
204200
442301
161800
154100
145999
149901
143100
180199
143300
143200
136500
141300
135300
151700
156800
171700
159100
147099
156901
153500
165500
157601
156200
150700
154901
156500
154700
153599
151801
154301
167800
154300
149200
168600
157901
168300
151300
139400
141100
137300
143399
139999
152999
154701
154200
159901
161000
155800
156500
156901
161601
160000
156599
158500
175400
158499
157000
154200
171101
169600
151000
153700
160800
161900
165300
162700
140001
133800
137900
152200
154400
166100
154601
152700
164899
157100
461300
191900
159099
151900
219099
183500
1452201
221200
191800
175999
184699
176200
170600
170200
168900
171301
170401
170701
187700
158500
157300
170100
158300
156701
160001
154700
155301
156500
156000
158000
165300
159599
146300
159500
170300
162100
163599
170800
137200
133200
141000
143801
153000
142600
136200
134800
145900
171499
155000
153200
145700
155200
153100
155800
154901
160000
156400
165399
158699
161500
172101
157201
159500
169601
166500
157200
162500
168600
165800
167401
144800
195400
158299
147900
150400
146300
148700
159201
146701
148600
149699
143900
149199
148500
146300
154901
146501
147100
139500
142600
145800
155801
258700
229499
135599
131400
207600
246000
165100
127300
128900
138099
154500
142100
124599
104200
115700
95400
100600
94001
94200
94999
101100
95100
98499
94699
103400
94300
94400
94300
95500
93900
94100
94100
94501
96201
96100
94199
94000
94400
93900
94100
94400
101100
95000
94599
97500
94400
94601
94199
93900
94300
94199
94199
94300
94500
95300
94200
93901
93700
94601
94201
94001
94100
100000
94600
97200
94000
94400
93901
94200
94200
94101
93800
93800
94200
94900
94400
93800
93999
93900
94100
93900
93900
94600
103100
94601
95501
94401
94500
94400
94500
161000
141300
149801
156300
156300
156300
157200
146801
159300
155300
160000
161600
151100
153899
143300
106200
97899
95700
94900
94700
94300
95001
96500
97301
91800
99701
92700
91999
92200
92201
92401
93900
92399
95800
92701
92200
92399
92500
92401
91901
92600
92200
92401
93400
92800
92101
97701
92100
92500
92200
92400
92401
95200
92300
91700
158500
100399
94000
92500
163900
148799
153700
401200
137701
135400
151200
175600
160700
200400
241900
170600
203800
298400
154000
152700
150200
150400
156601
148100
157700
169700
176500
176000
170400
171400
172001
171700
175300
197101
173301
176501
170000
179099
167999
166901
168500
174799
170801
169100
169501
170100
176000
170000
168000
168200
168099
167600
167900
167701
170200
170201
176301
169200
176100
169999
167999
168100
169200
163300
163800
165399
168500
164700
162700
164700
172700
163701
167199
163799
152700
149899
153900
170600
145800
154499
148900
154401
162400
156199
149800
158899
158600
152400
158600
155100
150999
157200
156500
144100
144900
178200
160500
162700
181400
170301
169900
169500
169400
501701
172601
146800
260000
184600
359799
174800
193600
438501
233800
156301
151700
151900
160400
163500
152000
155000
155900
152500
154600
153200
153601
159699
155500
155000
148100
149099
160700
176300
179100
162600
157901
2760400
233800
170301
167100
163900
164100
164800
164700
163300
173600
159401
161500
141700
151599
150000
152101
149599
150200
150200
151400
160899
155701
166200
157200
147900
153101
154099
150299
146400
149601
151300
153300
154801
144200
156900
161301
158800
150499
157101
159300
161701
154800
161300
159299
156700
155500
162900
169401
653299
200400
156599
159599
232400
164500
158900
160601
162101
161399
171200
1007700
176000
183600
163500
147701
150101
295401
230100
179000
163301
272600
225800
228800
158901
400200
150900
182300
171500
169299
164300
188700
166100
156000
156800
157100
160400
155099
160500
145600
149100
148299
145999
165600
114901
104300
94800
94400
94701
95099
101900
95100
94699
95600
96200
95700
95300
100900
96100
92900
94300
93100
92501
92900
92000
93099
101799
93800
92900
93001
99901
93600
93800
92600
92601
93999
92699
93200
93599
93000
93901
94700
93200
92600
110800
94701
92400
97400
92700
92400
95300
93300
93100
92101
92400
92600
92600
92700
92500
92601
99600
97400
95601
97001
95701
97100
95001
94501
104000
100600
95101
95200
95500
95401
95699
94700
94400
95001
95300
96200
117300
307800
164900
141400
169001
154000
184800
160000
137901
183599
174300
170400
171900
200700
174700
168199
167500
166800
172900
167899
170100
168200
169900
168100
176700
169000
167600
168801
170201
174400
174799
168699
168500
169799
168100
169200
171900
169200
170000
172099
167899
179601
168600
168100
168699
189400
171200
168801
159400
121000
99600
90300
92000
95600
93800
93099
98000
90901
92500
91399
91500
92099
91201
91301
92600
91900
92300
97101
99500
93000
90899
90700
91000
90399
89900
90699
89600
90500
94800
90400
90300
90601
91100
90400
90100
91101
89901
90401
94101
91701
90000
90300
90600
89701
90500
91401
90100
89901
91200
92399
90500
89500
89801
89601
90500
90000
89500
89700
92800
90000
93100
90099
88899
89800
89399
89800
89299
90100
89300
89600
90200
92100
89601
89600
88500
88901
89099
91501
89000
89300
89199
89301
116501
141999
171699
151800
160800
209800
179300
163300
134800
136800
133601
135200
136400
136701
145201
160599
150600
149000
151200
146600
159299
150601
155199
158099
158000
159000
155701
154300
154999
156599
151000
156899
156601
169601
161599
180600
168700
168100
172701
158000
160499
159600
158599
159700
159000
170001
160399
145400
145400
145500
150899
156200
156201
155200
157400
158301
157600
181400
163600
160100
161100
159500
159700
158601
160800
157900
187600
161600
163099
172000
198100
171000
162300
163400
168201
159599
158401
158600
160099
159401
158100
165600
197800
150800
171400
173699
162900
149201
155500
151300
156099
153901
153100
151200
172001
150199
153099
152401
156500
153100
155800
158600
152300
152700
153300
154899
219201
315800
169800
170500
162201
160099
157700
170000
154599
160201
160600
159400
163400
158700
296799
180900
161201
165400
161199
138900
148101
150801
159300
155300
159000
167100
166301
189300
162000
168800
166199
149600
166300
160100
159699
163500
162100
164100
158399
174300
166400
164799
160901
207500
123701
107000
99901
110500
112900
144301
161701
161399
162000
162799
150400
147500
150800
149000
147299
146200
153500
153300
173301
156899
154500
153600
163300
162501
153100
154100
161900
159500
157300
159200
156901
158400
161700
161601
166899
156200
159401
156600
160300
158900
157400
157500
165000
158300
158900
159000
157100
199501
169801
159200
161200
164901
162000
173200
496000
587901
271299
279201
191799
191400
204599
104400
175700
166800
301300
146100
151800
149801
134900
159400
152400
149400
306599
301600
230900
301300
236799
181700
240600
162400
225601
194601
174701
259999
120300
131001
138401
138299
138600
171799
168600
156599
132900
126199
126900
134099
136700
138500
140300
133899
138900
139599
148600
150400
143300
138500
138001
138000
136000
149400
140399
159500
141400
165500
173700
141300
140800
140500
137601
138999
138901
141600
140400
142801
138300
138200
139700
136400
139800
143501
133200
134300
140599
140901
140799
137800
137000
143200
143900
138501
145899
146700
147300
145500
138401
140800
138800
136900
135599
138499
142700
141800
138999
142301
143799
140400
138101
134400
135600
134400
138700
140800
134199
139699
140399
138900
140800
140701
146700
141300
139200
137800
133600
138000
134800
134601
136500
141701
142400
141700
137599
144201
147100
141300
138500
139600
146300
144401
146400
140700
137100
145701
136300
142200
142701
143900
150000
141100
141600
142599
143999
140300
139100
143801
144900
142900
147601
145501
145900
141800
152699
143699
144500
138201
145600
141501
145300
146200
142599
146701
147700
145900
144800
148000
146999
143600
141800
142100
146600
143199
142500
145499
141100
148299
144700
148100
148301
152100
145500
144500
150600
145600
141900
150499
151200
148101
148699
151500
146900
147900
216501
158800
150499
146301
118201
107900
91601
91301
91800
91400
97800
92000
91601
91800
91900
101701
92500
91401
92201
93199
92399
91900
91700
92400
92000
91699
197099
161800
148100
154000
148700
140901
142501
142900
155099
148600
147101
144399
151801
156200
134000
135000
135701
135701
136400
135500
141800
147099
153900
151001
155301
149700
151100
146500
151299
150599
148600
148500
163200
152799
149900
152801
147999
152099
150600
151399
145799
145199
151100
155399
152800
145100
216800
156200
153599
154601
144801
153899
146101
139000
144100
138401
139201
149900
146200
143701
153600
152700
148500
146701
150700
153100
150700
148499
148700
149200
144500
151700
146299
150800
144100
146801
148501
148400
143300
145900
143000
138099
141300
139800
139999
138600
138200
148900
133201
136900
140800
138699
143499
138999
136800
139100
141101
143699
136900
138800
135400
143900
140499
207300
143800
150799
146400
150800
148100
144700
149200
149801
149001
146500
153200
149899
149500
148800
136700
136900
135300
135500
139400
152801
145299
141099
142899
142800
151400
139499
139200
139200
140300
137800
140000
139501
140400
140200
139300
140200
139200
140899
148600
140600
140201
141700
142201
140000
142999
142300
142801
140901
140500
139399
139201
140201
144500
140799
140300
140699
142501
142199
139400
140200
138500
139601
139700
139400
141200
140700
200700
232800
257600
150400
149001
149599
148600
150501
152101
153700
164600
162100
152900
153200
149300
152301
154100
154401
156599
153800
145200
146000
146601
157201
275901
134500
115300
134200
136300
140701
137600
150199
141800
141200
137701
137799
138700
145701
135201
143900
146500
143999
142300
142200
143499
143699
148600
161300
160599
163899
167699
176900
164100
164100
162400
162800
164101
161799
163899
164100
162800
163700
171100
171900
171801
221201
140699
141100
215801
149600
160000
144401
156400
145600
142900
143401
143999
145900
170900
162601
151099
162500
160701
158800
167999
161001
159500
165801
151700
148700
152800
146701
141600
149700
148701
152001
149601
161100
149601
148300
150500
147900
148000
152200
152101
137000
143100
145100
145400
146600
152200
159001
150801
150100
137000
132900
143501
151800
147400
144999
149200
153200
142501
137900
159000
153700
420901
165600
136599
140800
152000
151300
146900
149800
148300
149799
148600
147199
146200
148200
143300
150500
151999
156399
156901
146501
156500
156699
158200
163700
147100
149399
148500
146400
144100
149500
148700
153600
148500
149301
180099
154999
147100
147699
144900
140801
145199
136500
146799
150700
156700
152100
144501
143399
146800
147999
120600
97701
95999
92999
90900
91600
91200
91200
92300
91000
90800
90500
97499
94600
91800
90900
91599
91800
91000
90600
91601
90800
91101
91299
90800
91000
90400
91500
90700
90599
90700
90400
90901
94900
95800
91100
88900
88299
89200
89300
89300
88801
91500
89100
89600
89301
89400
89500
89200
89801
90200
88999
90900
89200
89099
91699
94300
88600
88699
89101
88800
88700
88800
88400
88900
88601
90700
88699
89000
88700
88700
89200
91299
88801
88400
93999
88500
88899
88301
88500
88500
88101
88500
88301
88700
88600
88199
88500
113500
115800
95100
89700
93400
89500
89099
89100
90000
88801
88000
88299
88701
88100
89301
89100
88801
88600
88500
88800
88200
88700
88700
88801
91899
89000
89100
88600
88299
88100
88000
93899
88800
89901
89399
90000
88800
88200
88600
88600
88799
88399
90301
91600
88600
88700
88700
89000
88000
88700
89200
88600
88601
94101
88599
88801
87700
87901
88101
88499
88399
88701
88400
90600
88500
88800
88200
88399
89100
88500
88100
88400
94000
89700
88601
88700
88200
88700
88301
88200
88301
88600
88599
90801
89000
88399
88500
87500
90000
87900
88299
88400
88001
88600
88201
92500
88700
88499
88300
91801
88599
89401
88599
91601
88799
88399
88800
88800
88700
88100
88400
88399
88801
88100
94101
88600
88101
88201
88000
88500
88100
88200
89899
88200
88100
88000
88300
88400
88700
88801
87799
87801
88900
88600
87900
85900
90200
86300
86400
85900
86399
86000
89500
86300
86401
86700
85900
86099
85601
86099
86200
86601
86500
86100
86400
86200
90800
86500
86099
85700
86400
85900
87899
86401
86500
87699
86700
86301
86399
86301
86399
90500
86901
86900
87000
86599
118401
160099
115199
89300
88500
87400
92999
86700
86699
86301
87701
86499
86101
86700
86700
86700
86000
87601
86500
92099
86699
86499
87000
89500
92300
91200
87500
88100
86700
86499
86800
86699
87301
88199
87200
88799
87500
87000
86700
86501
86700
87601
86900
86901
86499
96200
87399
97199
85900
86200
85799
85600
85700
85799
85700
86800
89900
86001
86100
86300
86001
85800
85799
86000
86001
89000
86299
86801
89100
91901
90300
86400
87800
120899
114500
123801
146401
135000
148500
136600
139200
140501
138500
148100
161500
148900
142800
148201
141300
145400
143401
145999
146100
143499
145100
142201
146301
150401
146101
145900
142700
143500
144300
145800
151800
143100
147400
146300
142300
142100
153600
155400
146999
145801
136200
147400
146900
137600
142399
143600
146199
145200
153600
146400
142900
143100
145900
142100
137400
144000
148700
144100
137100
150700
141500
150600
142900
190100
164300
153600
145400
152300
157500
156900
149200
149400
145600
149600
148900
137101
146901
159700
167700
163701
162999
153200
154800
156500
156100
154301
146900
142300
141199
147700
141499
142801
140800
147199
141200
142700
145400
146501
143300
150700
155400
140400
149300
151301
149799
149500
149300
157601
150001
156399
149600
140599
145499
151599
151200
153601
138201
139100
143300
148600
155300
148699
145100
146100
143500
147400
152001
153300
150400
166600
168800
173101
166501
171599
182799
160199
163900
164399
167400
155099
93501
90800
91400
91701
90399
91100
90200
90200
93800
95700
90500
90500
90300
91000
90099
90800
91001
90100
91300
90401
90700
90399
90000
90400
90200
90399
90500
90401
93501
90199
90500
95999
91100
90500
90101
90800
90400
90300
91500
91100
95900
222800
153600
134200
140199
135900
138600
131901
142100
134300
121100
130900
138400
139600
146300
139001
332999
177500
159000
153600
155200
153800
142199
149000
152301
149201
151800
151601
165700
151099
162701
153399
152600
153299
149499
152700
152501
155900
143201
148900
150300
153801
152800
160399
154001
154600
150100
154200
149601
152101
152001
186200
165500
136500
153700
380100
134500
149200
432400
168000
196500
371100
219899
254899
465600
179900
371699
136000
124500
169399
114300
129899
142400
142699
130500
134000
271300
163100
142900
122000
276999
267200
246300
145201
133300
223000
152400
150900
127300
155200
393801
240600
147801
318400
198200
288800
144299
377500
170000
165100
141699
133200
334600
290901
144200
318299
316100
240200
156200
142901
145900
141800
142300
144799
145000
138300
152401
145601
143300
143800
979300
137901
350700
147299
192599
243601
205000
484100
215001
2642500
233899
183199
145900
147599
182499
141100
158900
129399
134500
135800
144200
139000
153300
140400
135000
141300
158500
153500
144100
137401
140301
149500
151400
135299
139101
140900
160200
151601
149700
142400
144600
148800
148999
147000
143900
152000
165200
156100
153899
161400
155600
154100
156500
149301
146401
145900
153800
152001
152200
154801
154100
153300
165800
159699
157600
155000
2941200
256800
166600
213400
122299
106700
110300
128201
131100
135500
154901
139300
143201
140800
170800
141501
153601
1338600
409601
511800
213900
228300
148200
140601
152500
143200
140501
142901
141499
152200
137300
146299
144300
145300
149900
145400
146500
162899
166300
166201
149400
150000
146899
150900
153501
152900
154600
141900
140101
148601
141600
160501
144300
148300
143799
134000
139500
146200
149499
159500
150800
147700
148400
153401
166100
153600
154400
141101
150300
154300
156200
158900
155500
156200
149000
155799
144200
151700
151700
165200
282700
175900
136999
144199
135599
140900
149100
181699
170201
177000
165600
174199
170301
163900
166800
177100
167899
167799
183700
168100
166001
165300
167900
163501
165800
214600
126200
119100
125400
122100
118100
1135200
181900
120600
387800
132300
118800
125400
131700
113801
113800
112500
114100
112500
125100
116900
117200
117501
118700
114200
112599
113401
112400
111899
122501
115399
117300
115600
126200
114099
113899
113200
114199
113100
112801
112200
117600
119099
117700
114800
113300
123400
116300
116000
116200
114000
114400
121200
126000
114701
113000
111700
114701
115700
115000
113300
112801
118800
123700
118300
117400
116100
111100
115900
116400
114000
115900
112799
120300
115000
111999
117700
118701
114799
115199
124400
116400
112599
117300
112400
112399
113800
112599
112201
123600
113199
117199
127100
114699
114400
113300
114700
122700
114100
112600
112900
113800
117499
112000
116300
126000
118501
117701
117900
117501
115601
118300
126600
116500
127900
116300
115800
117400
114399
116399
115700
117300
120699
117100
117600
117099
114500
117400
117499
353299
125600
206200
1191000
188000
145100
438500
227000
144499
143700
134601
151800
138600
146300
144499
148800
152401
147799
146301
146100
156600
150200
137500
154700
153600
140500
133600
148900
143600
146201
145699
143100
136800
151900
145801
147800
144400
147700
146100
132199
134099
145700
162999
152800
151200
149200
138000
142900
143501
144700
142499
155101
136700
128401
135601
146700
147999
148900
149100
149999
149400
151299
163700
155800
151600
163899
144499
139901
144801
149200
149701
152500
157701
152599
152099
152100
151400
152300
156800
138300
141600
140100
149400
140300
139701
137600
135699
135299
135701
137301
138800
137201
155301
142501
138600
136699
144701
148299
140000
179401
113200
89500
95100
87301
87799
196301
140500
173100
180601
113100
112700
170699
313399
157799
152200
142300
132000
143501
163000
171901
161300
161900
179799
162700
162199
162200
163199
161400
162000
160101
159700
168499
163500
159900
160601
163500
164399
165899
164200
166600
164201
170400
103800
93200
97701
109500
124501
91000
90300
90799
92499
92500
90199
90800
90000
90800
99899
101600
132500
139800
119899
129400
134901
114300
102701
130001
132800
105800
89101
90200
88500
89900
87900
87399
87600
88200
88300
88100
93200
89000
88000
90800
87600
88001
93800
87700
87200
87901
98701
89901
88701
88799
87899
87700
87700
88000
88199
88000
87999
87700
87500
91200
90900
88100
87600
88500
93901
89399
88000
88099
88100
88401
88401
88200
91101
91900
88700
89000
88600
88900
88600
90700
88700
88599
88601
88700
88800
88800
93101
90700
134700
165201
161700
162800
163200
162300
161400
161100
161500
160200
203800
236901
146100
155600
468001
130400
211600
181400
129700
111500
144900
364800
166600
133400
153799
150800
149200
153700
151400
151700
167900
153001
150400
130200
136499
138499
133300
130300
122999
118501
96399
118000
91800
89300
88301
88100
88501
88300
88100
88300
96599
88601
88600
93399
86601
86700
85900
86501
88300
92899
87700
85800
86900
85600
85999
85800
85500
85700
85700
85801
87899
85700
85800
86200
85700
86700
85500
86400
85500
85700
85799
85901
91500
86101
85700
85900
85700
85999
85599
85600
87899
87500
86301
85599
85999
85500
85500
85799
85601
85200
85900
85800
86100
85600
85200
91500
85700
86601
85900
85800
88099
85800
86301
85200
85800
85700
85501
85700
85900
86000
86200
86200
86000
85499
85700
90701
86100
85799
86200
95400
86600
86100
85700
85600
85801
86200
86099
91001
86200
86600
85900
85700
86199
85801
85800
86200
86000
85999
90099
88500
88401
85601
85801
85700
86200
85600
85301
86400
85799
86000
85801
86100
85800
85901
85700
85800
85700
86001
85800
87599
85900
90401
85801
124600
114200
95600
88000
87200
154600
267401
135400
163600
228599
232800
211500
157300
153700
183300
137300
175300
170800
149200
162500
162999
152999
156399
157700
156101
167800
162300
157400
158199
157100
159100
156301
158301
135601
88600
88599
93100
88500
86000
85700
85600
91800
86100
85399
85899
85501
85900
85599
85600
85900
86101
85500
87601
87599
88300
87500
90700
87200
87600
87800
87700
87901
87401
94000
87800
88600
87799
87900
88200
89400
88500
88200
89100
87799
88101
89700
115901
88000
87600
88400
87599
88300
88501
87601
87400
92899
88001
87800
88000
88400
88399
87800
87700
87400
87300
90800
87700
87801
88000
88000
87801
88400
88000
87600
87600
88700
87500
87601
92100
88299
87601
87900
88300
88200
87701
90199
88000
87800
87500
87601
88099
88500
88200
87799
87899
88500
87899
87700
87899
89401
92500
87700
87899
87200
87799
89800
87701
87899
91299
87801
87700
87301
87299
88101
87400
87900
87400
87500
88300
87700
87700
87400
87700
91900
87799
90000
87800
87601
87600
87899
207901
94000
88500
88701
88501
502200
132801
130001
131399
113700
91000
124900
96299
112000
101501
88600
90000
94201
90099
86400
85800
86000
85799
86301
91900
86500
86200
86200
86001
85200
86200
87299
87001
86200
89001
90701
86100
85300
85299
85800
85700
85899
85401
85400
85900
85899
88800
85500
85601
85501
86000
85700
85400
85500
89500
85299
85501
85901
88400
86599
86001
86101
86700
85900
87200
86200
86601
86001
85799
88200
86400
85399
85700
85200
88000
85700
85800
86400
86200
85600
86300
88099
85601
86700
85399
85300
86300
85901
85900
85700
85200
127299
119601
166501
167800
157400
155099
157199
163699
156100
158000
157699
156400
157700
163300
159100
157701
157600
155099
156500
160701
173401
157000
156700
162600
155799
161900
156500
156000
156901
157201
154500
157199
162599
157301
155999
157900
157100
156701
160700
157801
158000
155799
157500
156500
204700
129100
156600
156699
157700
157600
148600
158300
370999
413600
157900
161099
149201
158400
154599
147501
150000
150699
170000
154800
148101
149200
146900
165700
151301
149900
193200
153700
159599
149500
146600
163899
155701
152899
147900
149801
163401
158399
165400
153700
155799
152700
151800
167600
159100
156300
168099
152600
155900
148599
158199
166201
152700
154700
154600
147700
150400
146400
174500
158601
167600
161300
149800
160100
151400
112800
134500
125600
121501
136599
103900
134600
109599
128500
127900
111900
139099
110300
143199
111700
128300
123501
115600
143999
108100
134500
110200
130101
135900
108000
137199
108500
135201
113799
124300
130401
109900
128000
121800
124300
136401
131200
134599
137300
122299
422500
158600
101300
87900
87800
107600
105400
89500
94100
86301
86500
86200
94200
94700
122500
135401
133300
114600
108301
110400
109200
117399
112300
108899
108700
108700
110799
111599
115500
119400
116100
115101
120400
112500
115800
114800
111099
112400
126001
112801
113499
113500
112200
110000
108599
112700
108700
109799
110500
117900
120901
126499
129801
124701
121100
98500
119901
159000
160800
109799
86600
85700
99700
156300
156099
156600
132400
89700
86899
86501
86900
85800
97300
93900
86100
86400
85900
105700
128700
126800
141501
143301
136100
107500
135800
139700
137801
133000
91601
90099
96700
87699
125700
140700
142500
122300
90400
87701
88000
87300
88000
95300
94100
89000
88700
88500
88700
91201
89801
131100
173400
151300
156799
112599
161300
163100
160301
159000
157500
157000
159000
165899
160200
158200
151800
114901
106400
129100
137701
126099
124900
154399
130900
134700
143600
134799
143099
134600
141401
159199
170501
163900
161200
144600
103400
88401
88001
87400
88399
87400
87300
95400
87800
88100
87999
201899
117800
154500
157401
160899
167299
169500
165801
165000
164201
163899
167700
136601
165401
164301
161601
180300
165300
159000
137700
169700
140800
146500
152100
133500
140899
146700
133300
123700
134099
95399
91699
91501
90699
91500
91300
102799
92000
91400
92599
91099
102500
92099
91200
117400
137301
137201
142901
143900
139099
142599
138600
140800
147701
147701
148100
149900
172000
149200
133699
137800
144400
139999
139101
140399
146100
149201
145600
150000
151600
139201
142400
142201
132401
129600
144100
149600
118300
89799
87900
88100
98600
89401
87800
88101
92699
87399
102300
88600
88700
88801
88001
96100
88901
89099
93000
89100
88499
95599
117400
165000
157800
160200
160901
159700
162300
161199
161000
156900
159400
160201
157700
157799
158101
191700
155900
136800
140400
138100
135500
135000
133500
101001
114901
90000
91000
87600
95701
87801
87100
86900
87999
87999
94601
87801
92900
96100
87400
152900
162701
160199
158800
161300
160100
153100
104099
139001
128400
128800
151500
152599
142100
137101
119200
133100
98799
87699
86301
85700
85500
85500
98300
86900
86200
113299
122000
124000
128001
136500
121999
133801
127800
123999
124699
148500
127299
122200
133500
133200
134500
137699
130000
135800
141600
136401
124400
123400
120701
126700
128400
130401
130200
121800
116101
138700
136401
138801
140500
152900
137500
140400
138700
135200
136800
141800
137900
135500
137101
135999
134500
134700
137500
134700
150200
152999
142000
141099
138600
146299
141700
142900
141401
145100
145800
145200
145199
154399
145200
150101
144400
142200
134800
137800
148900
153099
143100
137501
143500
142701
145600
172701
144201
143400
140900
148501
144300
142000
140800
139800
139800
138000
141201
140800
141400
155099
141000
141300
139901
136601
141300
144800
141600
144301
143400
143800
143300
110501
115301
170200
159700
159400
152000
101600
98200
87500
90101
89799
98100
90100
89500
89900
89801
90000
91101
89900
90000
90099
96701
90700
89800
90299
89901
89600
93900
89800
89900
89799
89399
89399
89100
87799
87500
87700
88600
87600
87400
87599
87399
87401
92800
87799
87701
88000
89799
87801
87500
88000
87900
87700
87300
87700
87599
87400
88101
87399
87700
87600
87700
87801
87500
87899
89201
92700
89500
87600
87400
87200
87899
87700
87200
90000
87400
87300
87900
87300
87500
87200
87400
87501
87699
87200
87500
87601
89100
91600
87400
87199
87700
87401
87500
87200
87200
87300
88000
87100
87500
87300
87299
87800
87500
87300
87400
90600
87600
87600
86800
87401
92000
87400
87500
87399
87700
88500
88901
113099
105000
87999
88201
87500
88300
87700
87500
91600
88099
87801
87200
93900
88699
87301
87399
87599
87300
88400
87600
87200
87200
87801
87100
90000
87400
87399
87300
88600
87500
87900
87800
87300
87800
94000
87800
87499
87401
87900
87500
87200
87601
87500
87500
87500
87500
90100
87001
89400
117200
95100
87899
87500
87500
93099
87601
87300
87799
89000
87500
87500
87701
87600
103599
91301
87700
87599
87499
90401
87800
87200
87501
87501
87400
87600
87800
91899
87601
88400
87801
87899
88000
88000
88000
87900
87800
87900
88101
89500
87599
88500
88200
88100
87800
88099
88201
87800
90500
91801
88101
87599
87901
101900
93400
132600
89900
88100
91099
88000
87700
93000
86801
85800
86100
87399
87601
87399
88401
88200
94500
114600
90700
89500
88199
87401
87200
87000
90101
87300
88400
87000
87300
87200
87401
87900
89200
87800
86100
85600
86000
85700
86101
90800
85299
85001
85301
85001
87301
85900
85200
85200
85301
85500
85000
85599
86300
84999
85700
85200
84901
85200
84999
85100
85200
86099
89801
86601
89099
85700
85401
85200
85200
84999
85499
85200
85301
85301
85800
170499
160900
156600
155900
163200
155899
161300
161200
166200
161901
158500
156101
152999
157000
156801
158200
163600
156700
157300
157400
156000
155300
155300
156601
156400
154000
154801
156299
2821301
200901
158400
157599
158400
156400
158700
158000
181599
157401
166900
155700
155600
155700
159800
159700
158600
158600
160501
160300
166901
159200
163400
159699
159200
159500
160500
159801
159700
159000
159400
159500
159901
160400
158700
166100
159700
161200
158800
165201
159400
160101
161101
162399
165800
163501
162600
171200
164600
164700
164500
163400
163900
237400
154401
144600
153200
151300
151600
156000
150400
155000
152700
148900
166299
158599
159300
145700
144500
153301
153799
154600
155000
142500
147499
146899
147000
152799
148201
162599
151800
153900
153100
150600
156900
152401
153200
149301
143101
155600
166600
157000
158200
159699
160200
164600
165701
159600
160900
156099
152901
153600
164599
158500
156101
156899
188200
158899
156899
163899
140001
183601
194200
148500
137301
138300
143900
142100
129900
150100
157899
146900
133500
129200
153899
136300
316401
155200
133801
137399
134000
141699
146700
147400
150600
149300
129100
145501
160500
225000
149600
145501
149099
152700
172700
164299
132500
129400
139899
134799
152601
151001
141600
131100
189401
138701
92199
91000
102701
108600
91099
91099
91000
90500
90300
90101
90300
90500
90700
94200
107399
128600
139101
150000
140799
136599
145000
155500
145800
135500
125600
157000
137100
139700
170699
135200
127900
188199
148799
135100
126900
92300
90300
90201
89600
90200
90900
119200
118599
90999
90401
90500
90100
88299
87399
111000
125400
163600
162600
171100
161300
160300
159701
160300
160201
159501
156800
151399
165299
158300
158000
161599
154100
149099
129700
140201
133300
140800
312799
162101
153899
151301
161000
164801
140101
132200
128700
159501
162599
137601
131599
179000
171300
163701
158900
164900
161400
159300
166100
194600
137301
102600
125300
133599
132000
97000
96600
103000
89901
125999
132300
138700
119100
96501
87800
88000
87800
111900
134000
127199
116499
96000
88200
87600
97999
190800
142201
159500
144200
107899
124599
102201
116300
89500
88301
88500
88300
90199
87300
87799
87499
87500
87500
96201
88401
87400
87899
93401
88300
87800
87499
87999
85700
85900
85700
85600
85600
86200
85800
86000
85700
85200
86200
85500
85799
85900
92101
88900
86500
85599
86500
86801
85899
86200
85500
87700
85899
86500
85899
85700
85801
85899
85301
85700
85200
85801
85900
88101
85500
93200
85700
85300
85299
85101
84799
85500
85501
85600
85500
85200
85500
85301
85599
85401
85200
85500
85500
87299
85301
86000
85200
85000
90899
85600
85700
85000
86200
86500
86000
85799
86501
86000
86100
85500
85599
85599
88401
85799
87200
85900
85299
85800
85500
86000
85799
90200
86200
85900
86200
85600
86099
85900
85400
85400
85399
84901
87500
85600
85099
86101
85300
85999
86000
85500
85700
85600
85599
85400
112300
86700
85700
86400
86099
86101
86001
85899
88201
86300
86001
86399
86200
85700
86200
86000
86099
87001
86301
85700
85601
85500
85700
90799
85501
86199
85601
85100
86900
85100
85000
85001
85400
85200
85200
84900
85100
85101
85299
87401
85299
85000
85000
140300
91300
85900
85000
85300
89300
85700
88800
85100
85600
85200
85700
84999
85600
85500
86399
85301
85300
85700
85799
85700
85501
91700
85399
85301
87500
85499
85501
85300
85899
85099
85501
85300
85100
85600
85900
85200
85599
85000
85000
85200
85399
84700
85501
87100
90099
85401
85200
85200
84900
85601
85099
85200
85401
85800
85600
85200
85200
85100
85100
85200
85501
85300
85099
87099
90201
85700
85299
85601
85500
85600
85300
85600
85900
86000
85400
85400
85399
85301
85900
85401
85300
85300
87601
88300
85200
85700
86900
88800
85299
84999
85301
84800
85500
85800
85100
85499
85800
85500
85200
85200
85300
85300
85001
86700
85001
85000
85200
85200
84800
84900
89601
85900
85501
86300
85100
85100
85100
85300
85200
85000
85200
85200
85700
86900
85200
85300
85000
85000
84900
85101
85200
88599
85400
86100
87600
85600
85700
85300
85200
85100
85399
85301
85599
87399
85100
87199
85401
85700
85501
85500
85300
88299
85700
85600
85499
85001
85600
85400
85601
85000
85100
85000
87000
85300
84799
85400
85400
84899
85200
85099
84799
89700
86600
88400
87800
88000
87700
87800
87599
87700
95401
85500
205199
99100
85900
85899
85101
85400
85500
85599
85801
85500
86001
85100
85499
85200
85399
85500
90300
85600
85400
85200
87801
85800
85600
85300
85600
85600
85600
85399
85900
85400
85700
86000
85400
85500
85500
85599
85800
85700
85800
90100
87599
88600
87699
87801
87200
87699
87101
87599
92901
85900
86199
85901
87699
85301
85800
85300
85399
85799
85400
89900
87700
85500
85700
86300
87401
85900
86101
85500
85599
86200
86401
85900
85700
86099
86001
85899
85600
85800
86300
86001
87700
86001
90300
85500
85200
85400
85399
85500
85200
85900
85300
85700
85799
85601
85500
84900
85500
85100
85499
87201
85200
85700
85000
85299
85299
89499
85000
85000
85300
85700
85400
85200
85200
85000
85200
85300
84900
85000
84800
86700
85799
85101
85200
85101
85200
106999
85400
85400
85200
85900
85801
85599
85601
85100
85100
85500
85500
85200
85000
87399
85801
85500
85700
85299
85700
88700
86000
85700
85700
86100
86200
86299
85700
85801
85599
86101
85500
85900
85801
87399
85700
85901
85400
85599
85200
88701
85000
85300
85500
85399
85001
85500
85000
85100
84900
85200
85099
84700
86001
86600
84700
84700
97600
286700
120699
121001
127299
139699
104801
129900
153700
147400
134401
130200
162700
124900
121300
177500
171500
126799
141701
134100
132900
133900
137199
137400
131700
127501
135899
129400
133000
140200
132400
137401
134700
142401
137700
135800
165399
159200
158000
156000
157301
155599
156400
155400
155500
155200
167600
97401
85900
85700
85200
84999
85301
85600
85300
85200
88500
85200
85399
84801
85500
85300
85500
85300
84999
85200
85900
84899
85101
92399
86401
85499
85600
85400
85900
85600
87699
86200
85601
85800
85400
85900
85301
85599
85800
85300
85999
85899
85301
90200
85600
85400
87099
85700
84800
85200
87200
85501
85300
85101
85600
85200
85300
85500
123200
93501
101901
100499
85900
85400
85300
90300
85100
85300
85300
85101
87900
85599
85400
84700
85000
85999
85901
99800
90500
102700
87301
85700
84801
85599
85301
85900
85500
84999
90301
89901
111599
89500
94000
127501
86001
112100
157799
159900
155400
159899
372300
135401
145299
157401
172900
165600
158199
157900
156099
168700
159101
158800
158200
158400
156899
158699
155300
163200
157101
159301
158500
158700
158800
159000
158500
157700
157599
157399
157000
158000
161800
156399
154799
157900
157600
156500
158100
156099
170599
158700
161400
159201
160200
158800
159300
157500
158100
157801
158601
130200
109300
88700
88299
87300
87700
88000
87099
87001
88200
96900
88000
87599
87400
87601
87899
87501
87600
88300
88400
89099
86800
85100
85300
85700
85300
85300
85500
85901
85400
85800
86100
86500
90701
85800
85200
85400
85400
85500
85600
88601
86400
85800
85900
86200
86200
86000
85800
85700
86100
85700
86401
85800
89299
86401
86600
85400
85700
86500
88399
86100
86801
85700
86601
86000
85700
86501
85800
86100
86999
85800
85799
94900
165499
85499
86900
89600
87601
87400
91400
87500
87200
87100
212300
179300
137800
139199
137000
142901
150199
134900
137001
137200
138900
137201
136800
138500
137501
133399
144900
137600
137901
137401
139601
141701
136099
139199
137500
135901
141199
140701
147399
135200
136899
140600
160601
149900
149100
146999
149101
139501
139700
140600
145700
144699
149600
143501
144799
153400
151600
149600
159300
150799
151100
148800
151699
151301
152499
152600
154500
153200
148001
146800
149900
156300
151200
149100
147700
149700
152300
151899
149300
147701
148800
141399
142700
147500
154401
147201
152100
146601
149201
148400
148600
146200
140100
142899
142600
143900
146900
148700
152200
142900
145599
143899
144800
145699
144001
153100
146799
148201
145100
145801
146201
157200
145800
146600
147100
151301
149801
150800
192700
163200
160499
160000
159500
160000
170199
171699
158400
159400
159401
158600
147300
163100
162500
163200
161199
162600
169600
166200
163900
162499
162800
162101
160401
162000
161100
166900
164199
165600
169800
163200
161300
160700
161300
162300
161300
165999
148801
161701
164700
161700
162901
170600
134200
117099
91500
97200
90000
90000
89901
89800
89100
89300
89500
89299
89399
89899
89900
89500
89600
89900
89699
98999
90400
89600
89500
92100
90000
90100
89899
90000
89500
89800
89801
89699
89901
90200
89800
89900
89700
89800
89900
89300
89700
95100
90299
95300
87300
86999
87401
86900
87300
87200
87300
86699
92701
87900
86899
87200
87399
87301
87100
86900
86800
87200
89000
95500
87300
87100
87401
87600
136300
111801
87800
87499
88699
87200
89101
87500
87500
87100
87500
230900
161400
160800
174299
162400
160201
135901
110101
137200
88801
87700
93400
87800
92400
87601
87900
87700
87200
87500
87700
87500
87601
87400
94599
88000
87401
87101
88401
87700
87499
87601
87399
87800
93300
87800
87599
87099
87301
87100
87299
87301
87200
87100
89200
87799
87600
88200
87100
87999
87200
87199
87300
87700
87899
87401
87601
92900
88099
88100
88299
88400
87899
87901
89901
87600
146600
90300
90700
163300
161100
161101
170000
132601
114600
88799
87300
87800
87299
87599
87600
87600
87400
87400
92601
87200
87300
87500
87599
87500
88101
87900
87599
89000
94800
87899
87700
87800
87401
87700
87401
87900
88200
90500
88100
88000
88101
87900
87800
87900
87900
87900
88000
87899
87800
87699
92501
87600
87600
87299
87099
87301
87499
88999
87399
87500
87400
87300
87100
87401
87000
87300
87300
88000
87100
87401
87600
87100
87300
93000
87400
87300
87101
89301
87900
87600
87301
87600
97700
132800
88101
87901
87300
90100
88000
87599
87500
87700
87801
227000
162200
161300
161800
167100
157700
160000
159100
158900
159700
159800
184800
97800
87600
91300
87100
87299
87300
87199
87301
87200
87099
87501
87401
92000
87299
86801
87100
86900
88400
85399
85501
84899
91901
86099
85401
84900
85500
85401
85499
85101
85100
85200
87601
85800
85600
85400
85200
85400
86200
85300
85500
85500
86101
85600
85400
90200
85101
84901
85200
84900
85000
85200
87000
85300
91600
145600
85000
112300
157400
156300
156900
183300
127101
107800
86401
85500
85200
85200
85801
86100
85300
85200
93399
86300
85299
85300
84999
85501
85200
85499
85401
85400
85700
93400
85400
84900
85599
85700
85700
85400
85001
84601
87000
85100
84999
85101
85200
85099
85001
85200
84800
84600
85100
85200
87599
87400
93399
87899
87601
87600
87900
87700
90699
88000
87801
87900
87899
87401
87700
87900
87901
87700
88801
87899
87400
88000
87600
87600
92800
87200
86999
87000
89000
94900
91899
90900
92601
94800
182000
88300
102400
95001
90400
87200
87399
87500
87200
88200
229700
150900
156400
168500
156799
156800
156599
156399
155600
156799
156200
156300
155799
166300
115901
149799
175200
151299
124599
118399
117400
116601
116900
136601
123900
263800
151200
92400
85101
85299
85001
84900
85000
87700
85300
84900
85100
84800
84600
84899
84801
84900
85400
89399
85400
85100
84700
85100
84999
84900
90101
85300
85500
85599
130500
110900
86501
150099
156400
156900
155100
152500
109100
196400
113101
124799
153400
114600
104900
141901
189200
157601
236500
143900
171699
146301
162899
169499
191900
120900
125700
123800
130300
156099
131500
129800
123801
116200
125700
133200
121600
127900
133100
148599
127101
141400
144201
148001
148300
147400
155700
146900
149400
164001
157100
154400
139300
170600
139499
132001
113200
207200
142600
946600
648700
1294600
186700
147301
88500
86600
86400
86900
106000
86900
97400
87900
87500
87399
87200
87900
87500
88000
88200
86399
86000
86200
85500
85700
85301
86200
86200
86500
3330000
184800
170800
105400
86801
85899
85800
86100
85899
86100
89401
86200
85900
85900
89700
86000
85800
85500
85499
85600
92500
85500
85300
85499
85800
92599
87700
85501
85101
85400
85900
85101
85800
85499
85400
85400
85200
88100
84999
84801
89000
85200
84900
86500
85299
85200
85900
85300
91000
93700
90700
85600
85600
85501
85700
85900
85900
85600
85400
85601
92099
85101
85000
85700
145100
88801
96300
167100
157599
153800
157500
134100
110299
118699
149400
142401
147699
179300
142400
135899
131900
112500
109599
109000
109200
108399
185700
124399
110301
109300
107300
107899
205500
479199
146700
278300
135099
110800
123900
141399
116999
118901
118199
119200
118000
116800
120300
110700
111200
119700
111700
108800
1012099
104001
292101
151799
146500
97001
96301
169701
2303999
143400
3341801
154899
145500
187499
144900
141600
141000
154599
220000
129600
131200
132700
126500
127099
136800
138900
1507701
238900
141599
127299
125701
125800
126500
125200
130900
133900
3040500
3569900
111300
1804300
146100
1298801
701500
781900
708400
220401
147499
230900
148700
345801
253601
237100
158300
142700
153200
129799
142300
151101
128501
128400
129000
147701
156899
148400
145600
145500
131700
159301
145201
144900
264099
137000
236700
271500
160699
228100
162500
99401
86001
86000
95900
87400
211299
383101
90700
87900
86800
100300
87201
88300
87100
87600
101800
312000
155300
163600
149000
157299
141800
132000
145900
148200
152400
159600
144300
150000
159100
149499
148900
141600
142100
128200
142500
130101
126799
126900
126501
136800
156100
151401
136399
128501
132101
148300
147400
157100
156200
141100
139101
145400
137900
139900
141401
143400
142701
142499
145000
146100
156500
148200
141900
138000
143800
145900
144500
150200
150600
145700
135800
132099
155500
150799
149301
164100
132500
130700
131100
130499
143400
136900
147600
135100
137801
137800
136800
138799
156601
140101
140400
141200
143200
145400
143100
164900
141201
137501
142200
140499
144400
142300
141900
139400
150101
175399
165999
141901
153400
198200
139401
138600
136200
137500
142400
216601
176900
102900
95400
364800
156101
160700
157200
174100
159000
137700
142400
165400
147299
142900
142099
143600
142700
152500
146900
145200
145500
149900
127199
130801
150601
141500
141399
137699
139699
140800
141201
198200
146600
142800
143499
141100
142600
147600
144100
141301
143100
145900
143900
145199
148000
145601
142900
147500
147600
144300
146100
155801
146100
146100
150200
151800
147100
181800
149700
167100
143000
145900
142399
141401
146100
142401
142301
143299
142001
141201
141400
148599
139900
141700
141400
142100
141100
141600
135699
141700
141900
143000
143801
143600
140999
145500
141100
142500
143300
142801
140701
146001
142600
141401
142401
141800
141300
146500
155100
130300
191100
157300
137400
149299
399400
305099
253100
113300
89899
88500
89000
106999
89700
88500
88599
88801
89100
89101
94800
88901
89200
91299
88399
88200
88099
87900
87700
87799
96401
93800
99300
91000
90101
89600
89800
88599
88899
88700
88300
88800
92601
88500
88501
87699
89800
90700
88300
88801
88601
88700
98600
165100
146701
117900
89300
88799
88301
87800
88301
87700
95900
88199
88001
88200
87901
88200
96999
139000
89700
135099
176300
160800
160699
153799
164201
154100
118700
166900
122299
136000
124700
89200
88200
88400
87500
88300
88100
87501
87500
87600
94200
92400
88700
87900
87700
87700
88400
85200
85700
85900
86400
85300
86900
90900
86700
85301
85300
87901
87400
88000
91699
85700
85800
86100
106601
86000
85901
85800
86100
86100
88700
86601
86800
87000
87301
96400
87200
87100
86100
87100
91300
86900
85600
86299
86001
86300
89800
86001
85899
86299
86400
86200
85399
95900
131300
85400
86200
94601
85901
98399
87500
87001
86500
86601
99100
225000
140300
108301
135599
443400
302999
148300
115701
124801
155101
152500
88399
86300
86500
106301
86300
87100
88400
86900
87301
86801
87700
87100
87200
87901
88500
87500
88200
88799
88700
101400
88000
86800
87800
94300
88600
87900
89000
87899
87501
87700
86800
87200
87100
88199
86001
86100
86601
85700
85599
85200
85899
92601
87000
88700
86800
88099
86999
92000
87400
87599
90400
586801
94800
96800
87099
86300
85799
86101
90901
86200
175200
219801
141701
125101
149799
132100
112700
194200
159201
157700
154301
163999
155200
163201
158300
161900
157900
155800
159300
154100
154901
153301
152099
161200
160701
153801
155000
153800
154399
153600
154100
154200
153900
157200
153400
154599
151200
163899
157500
156001
576000
160900
169299
160899
215900
121501
118400
159101
144100
162499
177800
163800
166000
167900
160100
156900
120500
153700
133099
129599
129000
130200
268300
169701
118700
118001
119899
252800
149900
162199
154800
157100
176399
162401
362700
157000
177799
814100
146900
129301
453600
141700
161100
137299
158800
126400
130900
151300
324699
114900
203200
115800
178300
212299
166600
165000
162500
176099
166900
163200
163899
155901
179400
243899
248800
109200
106700
107801
107600
110200
107500
134900
139501
135500
132899
140900
132401
132400
120799
114600
120700
110700
122899
108800
109700
110299
109600
109301
512300
133500
110700
119899
118600
205099
373999
116999
221399
114300
163800
116900
113800
120100
128299
110600
109000
108700
110200
111700
122399
134600
131299
148599
134000
139300
135500
122100
116499
384000
143800
133900
133601
297300
135600
134300
408501
129601
117500
113100
111500
111601
113000
127700
110799
117400
115000
112100
111799
116599
116501
111801
110599
153400
116001
118400
109501
139100
132200
135601
130000
351000
143900
211600
113299
182401
141400
128300
132100
128499
135200
132601
130499
143999
130800
128000
132099
135500
134600
138401
136601
147801
133800
144899
133100
137800
137300
134700
129901
127600
129600
128799
129701
151400
128900
150100
124600
128801
136299
143799
144300
145499
142500
274300
146500
144500
145900
141700
177900
141000
384000
173200
206000
181799
191400
136200
135301
137100
138499
135500
137000
140100
146799
150200
140600
138100
139401
151901
165100
148900
153700
148099
144700
163700
146700
147400
140800
142200
174600
134101
387300
117400
125000
120199
305700
129101
114600
122800
398200
173401
114699
529900
132400
111400
111701
110899
406899
136899
157601
154099
152099
151501
202800
164000
161800
161501
181199
165301
164200
163400
161500
161800
184800
166600
175700
161099
158100
153301
157300
162800
163101
162300
169700
165200
161300
161399
167200
163401
163900
163201
166000
164000
174100
162800
625600
175799
162799
161099
158500
162000
298899
174200
142300
177200
170000
157301
130000
131900
132900
132500
130700
140300
151700
137100
137300
134701
138100
132400
140899
131899
132201
132200
132899
131800
134800
144000
251300
191100
135201
125500
127800
141300
151399
121100
134500
513400
157299
116401
119000
609100
135000
293900
159500
146699
1240901
125800
115899
111200
110401
113400
115800
144201
116800
115201
114800
112899
111699
109901
142600
133600
130801
142600
130100
132499
134199
133800
116401
121200
116401
128200
123500
142501
163099
113000
110300
109900
116000
108801
109401
109399
108500
113700
115500
125100
107101
112700
273401
111400
108600
117200
111400
122201
115800
540200
116200
119800
128199
114701
111599
134500
118901
128101
135200
136100
122100
131500
128100
129600
132100
132001
125100
144000
127900
131799
131700
129900
129700
209499
130001
129300
124199
133800
111500
123501
111000
106500
136800
112500
110399
107900
108600
127700
105700
126900
109200
107800
108600
108800
109200
109000
110299
111601
108601
109099
120700
183300
109500
131500
115601
163900
194999
845299
165700
122500
290500
174899
136000
136000
147301
160701
140101
150200
138000
133499
142800
147700
149600
148500
146801
153200
177300
157599
148501
155600
143100
143300
142700
148900
139499
125801
126200
119000
118001
114300
116500
115900
116000
114800
127700
113700
738700
132301
130499
120901
122899
119600
118200
123000
359500
130801
134799
144701
118401
105800
155601
125100
120900
128800
131600
134500
155300
147500
133099
132700
132200
131400
131601
128700
129400
129600
136899
125300
129799
121300
124900
129500
140599
131200
124600
141000
141301
121100
126900
127700
129700
128600
118800
125201
129800
131601
138300
140100
128400
129200
131501
131200
157300
131700
128099
139700
141200
166000
131700
327200
1815200
144299
144900
447399
133200
131599
141500
129500
124901
134099
129500
132099
131900
127599
120400
139399
163501
152100
130700
149700
141600
124900
158799
142200
148500
137000
149700
127699
124600
125900
453101
153800
160801
162400
174700
206800
884600
139500
163000
270000
139200
133301
226800
133200
128300
145301
134000
138700
179701
127701
126499
160600
153600
146501
149300
189100
151500
156900
163100
142199
147001
144600
146301
129300
136901
146101
137701
138899
132099
131101
132999
134599
140700
261501
140000
147300
131200
136000
138199
866999
143100
224301
116500
112599
111000
131700
118000
1838100
151200
125400
132301
130900
130501
124700
307700
138599
109001
108100
109001
111601
107100
118800
112500
116101
122000
115500
118800
120100
123999
119600
111599
110100
274800
114900
133799
114500
119900
110599
111101
1353500
121100
125501
105000
112400
119399
109700
107500
117700
106900
109799
110200
109200
109299
107100
109901
108700
114200
109800
108000
118100
107500
112900
108801
122999
108000
114000
107300
108001
108900
108801
108301
108801
108400
122201
115401
107599
108900
109500
109500
106001
112200
109099
108400
119099
109999
110000
278699
113500
107800
109899
119801
112300
116300
1473301
124100
108900
108000
105900
110700
109101
107301
114901
108001
114800
108999
107901
107800
107401
106800
105600
1996900
151200
149200
155300
115200
120200
117900
121399
122299
118500
635900
126601
118100
157500
128501
129500
128300
1483000
123900
109400
109700
109400
109700
134200
130401
151401
139199
140000
139101
139400
118499
113200
127499
167700
141600
133100
133900
159900
143400
145900
141000
141199
140401
245700
148001
168400
155299
127801
133500
136099
120100
175100
589200
148100
128999
127099
142100
130100
130700
901099
147500
244001
144500
148400
228600
132200
8654701
171400
138100
168001
139300
130400
137100
223700
287400
151200
147799
147000
147500
140999
141300
148299
158200
142000
148001
181301
132499
130700
130901
264000
124900
119100
115900
107300
108299
107999
137000
112899
112800
135599
158400
135100
131899
140399
119301
163100
163000
165300
165401
164600
160300
162599
168300
173200
160400
161700
159000
95501
89400
87399
86900
87500
97699
87300
87799
87401
87200
89700
90500
88000
87901
87900
99201
88599
87900
87800
87699
87400
90599
115999
129700
163800
172900
154099
155200
128899
162600
158701
155701
140399
111600
109000
117100
166200
118300
113900
130800
493500
135500
155801
202700
159000
171200
108400
110500
178300
142200
131600
130500
132000
131899
123400
124400
121399
107700
109100
107400
110599
108800
109401
108100
108400
119001
132599
101300
113800
111300
111100
112300
110399
110400
115600
115801
112199
112400
111901
111101
110500
111000
109500
122200
110700
119000
109499
108600
127899
131200
136899
135399
136900
133800
152900
120401
110401
114600
134900
147099
138300
111900
112401
113600
110800
121600
111500
111699
108600
117800
114900
100200
87500
86299
86200
88800
85200
84800
85601
86200
87101
85800
90300
86401
85700
93399
85200
85700
84900
85200
85100
85500
85200
88900
85599
85900
85401
85600
85099
85101
91899
85700
85000
85099
84900
94899
84801
85099
85299
84900
85099
85500
88199
85299
85700
85501
92400
85200
85700
88101
85500
84900
85000
91399
96901
84899
85001
86000
86500
85200
85200
117100
121600
85401
93000
103000
216300
118699
111701
116999
362500
113500
175900
123300
260400
138200
88000
86500
86300
85299
86801
88600
98400
88700
93701
87200
88300
88300
87300
89000
87200
87601
86300
86000
93099
85801
85599
86000
85301
85000
85401
85600
85800
85500
93300
85300
84799
85301
85501
85400
84700
85400
84600
84800
88100
85099
84900
85200
85799
85200
84601
84700
84900
84700
90599
86301
85300
85801
86000
86000
85899
85700
85600
85800
88200
133500
410199
110300
85500
86100
85499
85200
90601
85399
86299
84901
88799
209401
110600
107100
87601
159201
159200
105501
2885900
113300
85601
85200
85401
85299
85000
85100
85200
84999
86000
85200
84901
85600
84999
100300
85200
84600
84500
90701
90399
85500
84801
85000
85100
84899
84700
84700
496800
86000
86000
85599
85400
84799
85099
85200
85001
85300
95200
243300
248000
167901
111799
187199
155800
161800
153099
204200
130100
86799
91401
85101
84799
85401
84900
85299
85001
84800
84700
84800
91899
85200
84700
85200
85200
85100
84900
84701
85301
85200
85001
91199
84901
85200
84999
84901
84900
84900
85000
85000
89100
84800
85200
85200
84801
84601
84999
85000
85000
84900
85800
84900
86899
84700
102501
84800
85000
84599
84501
93700
85100
509000
85799
85099
85100
84900
84700
84799
84901
86300
85099
135401
180199
147201
121999
87500
85500
140600
159101
166201
153400
157000
156300
157500
162300
157400
157800
131000
86801
87100
85399
87500
85401
86100
85999
85499
85301
85800
85101
88400
85300
87700
85101
85400
86500
92500
87801
87100
86899
87700
87000
87100
87301
86700
87200
87201
86899
87000
86601
89500
87101
86999

mean: 158776.3764 ns
standard deviation samples: 251934.67217675407 ns
standard deviation population: 251922.07512821115 ns
total time of signatures: 1617190400 ns